   0.344410899121116785273567963565E-001
   0.341960076628092686817413465209E-001
   0.344137946925482647127517931366E-001
   0.351296897797902155497762790655E-001
   0.350075840029592550983544734065E-001
   0.350162184760698460140277389256E-001
   0.339467258955068471506593991036E-001
   0.339512822801198937922911215830E-001
   0.338933379281967437189151021989E-001
   0.363046915433432083341529633895E-001
   0.362852315863180392136654654259E-001
   0.358459534875017735945145113811E-001
   0.351850590041625473485249724768E-001
   0.351407404918211880162352804997E-001
   0.344761326369617512609402707538E-001
   0.401354361411986924763956568650E-001
   0.395139957310716933922248531591E-001
   0.396285693732924319725072071508E-001
   0.373479579738434681562638363253E-001
   0.381605691117407127041134823569E-001
   0.382851061351631981702458448602E-001
   0.376985433616480662347655609782E-001
   0.377420136489442302097685119694E-001
   0.374993216256918146991811125867E-001
   0.375772675080460660111630927566E-001
   0.388231564086820805479062905306E-001
   0.389404042605555399403927804786E-001
   0.400215302325667081562168982880E-001
   0.399433922547641856458115607200E-001
   0.396166424778728396876996972231E-001
   0.394732417803812534739969156981E-001
   0.379123728177111421698929587972E-001
   0.410673194868995764670580046937E-001
   0.388662057489728408894043391422E-001
   0.404228147051122207068929941696E-001
   0.390157588647412562584320464424E-001
   0.397848165570038559526615469122E-001
   0.405615821637546245923415967903E-001
   0.401976321600436431830436130485E-001
   0.367393273548575659226019168653E-001
   0.366743871373642723045962205240E-001
   0.367644253265683834418960476523E-001
   0.375230881699312537205703530962E-001
   0.384219499664684041650086706113E-001
   0.365514671486034106284519029927E-001
   0.350904068077230723867981042276E-001
   0.350391332072806182606138273198E-001
   0.351737767169332767888798016755E-001
   0.342767894483992704369474340151E-001
   0.344024417461225437267974654658E-001
   0.343006517908562895978348474061E-001
   0.363975131872866456469819531349E-001
   0.364985338222184863606233943249E-001
   0.363837654184574891779910356479E-001
   0.358743337809034304922306821911E-001
   0.360362366754070335884723185603E-001
   0.344518407199105239404009435223E-001
   0.342724318728015497394686904016E-001
   0.353190261808476939350535123388E-001
   0.351938532719755340513393967924E-001
   0.308571896526500242933313379039E-001
   0.342669660061154154447315005017E-001
   0.309790313471287475097500589995E-001
   0.315280485393951662139409142249E-001
   0.351266906715416386314495935492E-001
   0.316145974923834036008486669606E-001
   0.316740691247200425477340133734E-001
   0.345154347073295701763613558253E-001
   0.312260135217519960325951587479E-001
   0.311005371114820716934013518534E-001
   0.347036448865393024095373355773E-001
   0.311005876150388763736032189832E-001
   0.306034996295279255918297347688E-001
   0.337845741002684853136842846639E-001
   0.305240275580371404600155161719E-001
   0.324171054014853415419810488277E-001
   0.388816978919339563942573413744E-001
   0.341825491184571334786648428118E-001
   0.328971091644917838385764483658E-001
   0.377678782892150586687023336911E-001
   0.336788096724874371976528586199E-001
   0.322181196817856220391966360561E-001
   0.377668930089980795297783194513E-001
   0.336462032061459053045549403170E-001
   0.332018425267202916591731484359E-001
   0.386604152630869563712322638124E-001
   0.344325363942849714564246371474E-001
   0.324003401058134053332737734227E-001
   0.372819735091176732716831028679E-001
   0.335509112684632366261225180800E-001
   0.343832429805921798080346730732E-001
   0.383119654980921024371459173098E-001
   0.321498190120642014052679508578E-001
   0.325260372620109262910289819644E-001
   0.369193744231736519099113178008E-001
   0.321747264962406966815915503175E-001
   0.335389262592542069145742525966E-001
   0.371152320498564161082168892445E-001
   0.313540846168092828177382001328E-001
   0.317752909813165146609284287652E-001
   0.356286392582525724831731191378E-001
   0.308526459552461943392783080914E-001
   0.309698307862216793621816225307E-001
   0.349581897171693630812031595102E-001
   0.300928600180074678688970353719E-001
   0.313751037490959582365291411691E-001
   0.352412722354306315071545869022E-001
   0.311027654790886787710722830206E-001
   0.311361818014497333080044083111E-001
   0.345098067431028678218508181919E-001
   0.311361079566225122895664442266E-001
   0.301387599950514691625007505385E-001
   0.339374699924717472606494396870E-001
   0.301052840436224847555389511629E-001
   0.294791982695970040871862519953E-001
   0.330419976290131242661691673972E-001
   0.293945725478840324721643676543E-001
   0.305001366031717691877603272857E-001
   0.354171345315338184366142112515E-001
   0.314569872781323398206022015406E-001
   0.301614184515325964871701654035E-001
   0.334180725529388953652691418500E-001
   0.300763053187142486293788069170E-001
   0.310091150754641749896451146797E-001
   0.351317201059871828984647028073E-001
   0.311856474379606328989661129284E-001
   0.305140103281469226736006521452E-001
   0.344628366230014614365857650158E-001
   0.306872962303158468879531639108E-001
   0.314316959446789981232975022733E-001
   0.361789929530833610775181282182E-001
   0.320365927676865582288468026701E-001
   0.305932185694175591035944564497E-001
   0.348276538348415880740799272370E-001
   0.309806511375238251649642009094E-001
   0.344038410231210690929205545201E-001
   0.384972711106931188497814271422E-001
   0.350529609567198075820221806774E-001
   0.331060713215986841777732156811E-001
   0.374373922764148603527181073759E-001
   0.333320018254819496887966736464E-001
   0.328552145649404947932580129818E-001
   0.368617034076993371605482281623E-001
   0.328641829496421962343726017604E-001
   0.341369583266496363508782367019E-001
   0.376898500869902967292826637229E-001
   0.327732695809970866547392240632E-001
   0.344107291781417223997564725392E-001
   0.378494289497027368323482125326E-001
   0.343357026422894608631951827725E-001
   0.305541496112316387616385955969E-001
   0.354090337997350784412249839826E-001
   0.311980266743211898890469629296E-001
   0.307909909785477685566736427542E-001
   0.375829901510667280802724141835E-001
   0.334102504650912701648765429151E-001
   0.318310158172504277519311923492E-001
   0.377835735327539255766061528255E-001
   0.341168069500494777481469092457E-001
   0.307370725412263669268477854066E-001
   0.354828957542855830341835185335E-001
   0.315738362238973450364677743207E-001
   0.315518082667432886437271529158E-001
   0.372459954513478145702231083690E-001
   0.331380308405377126660698678725E-001
   0.312398330719874443915721593219E-001
   0.341725282552118076477449934342E-001
   0.313985611867684330415713419145E-001
   0.327252820759515298632652429255E-001
   0.356466244998850049197492934203E-001
   0.320135515789819517948985055944E-001
   0.336548297082839151205436488315E-001
   0.373197465087931621669174432024E-001
   0.336726721208346567016903957239E-001
   0.337132014706133381646781095464E-001
   0.367180896389721019150072407399E-001
   0.333555188071331705885785019577E-001
   0.322546711692086398242584583300E-001
   0.363388119309721033714700101577E-001
   0.330076174643748833585032629069E-001
   0.305862130842284016896211918982E-001
   0.342234322076965232949103807560E-001
   0.305548402782828304917421003768E-001
   0.301859779427359180726967343855E-001
   0.341245618884724893898099658277E-001
   0.303646717052305848223930165045E-001
   0.306897182770496533343185457901E-001
   0.344571288714743775268440740548E-001
   0.311820154614284478962919112718E-001
   0.307195176294160184305240775029E-001
   0.344758987753589537374474053516E-001
   0.303544034864683567204204427715E-001
   0.313298255627971856829064041699E-001
   0.354864393216741582072986315145E-001
   0.312072379240831478444782849577E-001
   0.349457767327782050968943146887E-001
   0.395753128449285642246383240523E-001
   0.325091991234436207114611759518E-001
   0.315009199450739385526053277134E-001
   0.352161890566740529959964831387E-001
   0.304740013770386834180291683401E-001
   0.341075586659904623572083948147E-001
   0.384849062133205056816488906841E-001
   0.331948815435581475979499865160E-001
   0.317032570131293977680907766050E-001
   0.354985712813669687130366660962E-001
   0.310811878828383029606982918602E-001
   0.343710027003060252009938433890E-001
   0.384616538694781017110209335312E-001
   0.333527465514525835034109206754E-001
   0.344193543697625734768103345335E-001
   0.395447854202894077559466611500E-001
   0.355940721423673198873674234762E-001
   0.358560303065879974612274529702E-001
   0.392116865402453712441234404797E-001
   0.338894551212819979267966145002E-001
   0.356222312026332742590993919126E-001
   0.399364693761435420579699575251E-001
   0.355589905179786755198222664317E-001
   0.329555514358841138507016599988E-001
   0.369321175769844637464001659916E-001
   0.325144126345833178374515166434E-001
   0.341961193641192370313483727631E-001
   0.384159591308661132901682934926E-001
   0.339239629023089043287435791357E-001
   0.302011745365300438615559866172E-001
   0.337643120719976517967279522698E-001
   0.301751588058317088239659928662E-001
   0.294223414118428317394176692903E-001
   0.330332400728924010164994168433E-001
   0.292519391666053838030917294249E-001
   0.303668551616044159723783180050E-001
   0.344997748161231148305045774162E-001
   0.307479236991307493328554958299E-001
   0.318201294258441094953662339978E-001
   0.356940111281436103032806695899E-001
   0.310076190506975988774067682576E-001
   0.302177480568618573485375157534E-001
   0.337834969812453329335801282634E-001
   0.302334634306097881034393592999E-001
   0.326854865543046338061824920997E-001
   0.326463463662250565060505118029E-001
   0.337297943277597458643978124887E-001
   0.333521423248294538866670101710E-001
   0.333036503978749814177773632367E-001
   0.344709229572442260361426565370E-001
   0.334266680881199878025293552146E-001
   0.333571456470571495031426322643E-001
   0.346966310623399808269963638825E-001
   0.346019737084961749930562767172E-001
   0.345541885484080061225115825565E-001
   0.349990364114101988180562916494E-001
   0.331479956522609072695238004737E-001
   0.332111037637269164788724654259E-001
   0.343569157734422948571365420746E-001
   0.379277444005046250593690564051E-001
   0.380463442281372996030656266698E-001
   0.395192694447261342761858582282E-001
   0.370456911650462247690998490715E-001
   0.368316361098954420427184041534E-001
   0.384557977983010062436771771170E-001
   0.370301998461735321220084257064E-001
   0.365934794766644394584552061243E-001
   0.383530622845286791161415996966E-001
   0.381679154534095841232526542882E-001
   0.378121491409190430477016429222E-001
   0.395504890186270714562469269071E-001
   0.381838766846674456595486624302E-001
   0.381264168820277696206879311909E-001
   0.390644680695248154190300159864E-001
   0.351877723171122176483872230182E-001
   0.363709773927835887154640927989E-001
   0.361040920767775464926351018697E-001
   0.358492206899126474636277578821E-001
   0.362732576702022335874429670549E-001
   0.348782188890207578099293990926E-001
   0.373995744495179058184288883396E-001
   0.370868885833294097017836633998E-001
   0.362097833476440032072132158760E-001
   0.343531925764679095759002579948E-001
   0.343959384708003674046359007660E-001
   0.350162970040102427565888029683E-001
   0.345331687464870473836395240823E-001
   0.341494313475244500914537920644E-001
   0.351378045745273616212710939445E-001
   0.338264923522298673124399164847E-001
   0.337241226675845830428909299406E-001
   0.349907787583615176187210526297E-001
   0.331677412959913842697179849929E-001
   0.330983184615558119308566278200E-001
   0.344089828155019079519026490629E-001
   0.351661126951137464333710612778E-001
   0.354402914214977841945095625916E-001
   0.372283025238270274130080277881E-001
   0.329691895601841302967938681644E-001
   0.337684306807183286929856902000E-001
   0.354705657379664080708638601813E-001
   0.350544063463469965983051469277E-001
   0.353513214874468120755833097367E-001
   0.363862079197372177001839246755E-001
   0.329773313563198139054138908081E-001
   0.291663713834637102174714713254E-001
   0.296799919771716470577325050036E-001
   0.337431977794927644900849527542E-001
   0.298834099682532426587545723993E-001
   0.303924488256454424572790569718E-001
   0.340115814049159304108466290337E-001
   0.296719077016827775545726844380E-001
   0.311856307849326234734706015115E-001
   0.338234768824434315367952714798E-001
   0.297693198439685200353637189452E-001
   0.306480563089317049294738492873E-001
   0.331139158516764687587197890034E-001
   0.290801125424925483405283581742E-001
   0.302353560295417758190135633400E-001
   0.379705779268706834962572928739E-001
   0.335665262485619625061914441031E-001
   0.346064285589751820162691020349E-001
   0.371008168112169825407072410119E-001
   0.326433065537306394338699791221E-001
   0.339246556363385125339302046975E-001
   0.384641603716413501215152108009E-001
   0.325570619078229739621440478649E-001
   0.348786155226333079342555021559E-001
   0.388059291052827155199646279740E-001
   0.335898241966899900947111065762E-001
   0.352361277107622162829676103628E-001
   0.365396151034607539826183041571E-001
   0.330966336224118050360494073946E-001
   0.340495668755000520289240734825E-001
   0.351779152555706460067560907162E-001
   0.310619555359069081075598933280E-001
   0.314253654032816445498029929637E-001
   0.345358850696715724702577306057E-001
   0.303632057199649224769316856745E-001
   0.306095511955524305372359021145E-001
   0.343804669691080755258391649152E-001
   0.305106732221653126782805141457E-001
   0.318989883842985830104792313298E-001
   0.336701881734293285894456209169E-001
   0.297667356027737516310853798168E-001
   0.307519611999608756875045013636E-001
   0.326372032149808924446649474505E-001
   0.289929372194479855744619077565E-001
   0.299838579071279203365849547147E-001
   0.340384508168362217752716906401E-001
   0.299713712615674740437684113200E-001
   0.307509732682056082547055439073E-001
   0.335005523656619014953327681025E-001
   0.296127518451554958777841255609E-001
   0.302191262203509501670942640919E-001
   0.330755749399545263213329045104E-001
   0.303258648617694082453648655615E-001
   0.312423937517054303238930214018E-001
   0.326495771108932351215891780421E-001
   0.284682610052301271368979476440E-001
   0.297749846186488165035851089468E-001
   0.353021660407780798736644926836E-001
   0.307212323102208193142471206275E-001
   0.321271227317158641972970170077E-001
   0.333464051810782109770066904347E-001
   0.288934798330719500911677503028E-001
   0.304540303898232180275899062735E-001
   0.350102394130654159662619311750E-001
   0.302153251953705901890528096941E-001
   0.320291458473410557065804888394E-001
   0.343524061802533270801625680169E-001
   0.297141540391986789950581067151E-001
   0.314345902516855063338555702451E-001
   0.354408802923566016841258962716E-001
   0.311054959048322427757859410210E-001
   0.323909115723318683554100011397E-001
   0.348639156515219618193494193088E-001
   0.302584075629635369534851999829E-001
   0.317672357233647139334734096140E-001
   0.381899853958014454144913797220E-001
   0.343402545957193309101648508829E-001
   0.352158688194599695171864053260E-001
   0.364689175798350896856612576174E-001
   0.321987154499765099610886798764E-001
   0.332158630688345862723835224977E-001
   0.366874512206648884474385060881E-001
   0.324135026757358117246834020177E-001
   0.335159852450758031642556463911E-001
   0.358129520032667646805477145104E-001
   0.317564805121223310094527463694E-001
   0.327973634752608767962009460968E-001
   0.367795582603274088851322086106E-001
   0.335558490383244230065749648426E-001
   0.355764643762138558497105382673E-001
   0.365134057471521286363229737262E-001
   0.318606339382283697470840326062E-001
   0.326176580056758315770786093909E-001
   0.369408242912539923879862885229E-001
   0.340726139076092194663645397242E-001
   0.339709607046800546434567875661E-001
   0.378288079049970737726546161437E-001
   0.343492289266078664358507759684E-001
   0.345951556004144119121028084595E-001
   0.369880485497242164345898713170E-001
   0.314374238206113683909555012503E-001
   0.330938745079048168437546556569E-001
   0.377559176293717083534177547800E-001
   0.327842097004538234280883180287E-001
   0.340000353826216111664975534391E-001
   0.330386471844391422177351531526E-001
   0.291834016381977537559132363687E-001
   0.299680338976996896983901378057E-001
   0.351324193892769853489028578929E-001
   0.306101623465477709916213039096E-001
   0.325735314349665070646511925541E-001
   0.366109299967201851868789034462E-001
   0.323351053744631678515857684681E-001
   0.320487741515985411081930143969E-001
   0.358515917663211484380396626147E-001
   0.315916327287937611921724015605E-001
   0.326432069424931856547633356300E-001
   0.338423042022318916327064185362E-001
   0.301744227166904870959387419941E-001
   0.301911245240571147700422554562E-001
   0.331250866699933846510643131473E-001
   0.292917514726955887744133032044E-001
   0.302065433544117901790144051838E-001
   0.334487013820325926090822578945E-001
   0.297439477876795451797333376181E-001
   0.307565485139450073862268136374E-001
   0.325156076475679814005641295546E-001
   0.286473684336180541635408663954E-001
   0.298460948870902849649701047724E-001
   0.331935761239357946523137157393E-001
   0.295050305581921604199665639417E-001
   0.305057472625276495461457510843E-001
   0.332172993446060802521299094188E-001
   0.292650689973332835346867216518E-001
   0.297566604006610359721681940090E-001
   0.356434879265323289339939102883E-001
   0.310008569517334930502778890473E-001
   0.319824965063873944359800192407E-001
   0.334601014301004382224006015466E-001
   0.304702448972456713763125014432E-001
   0.313869994583952604294196039428E-001
   0.362534798841557625792690695474E-001
   0.317217605719344661024695947174E-001
   0.324565136482431863245138552286E-001
   0.341501470568926427485778803613E-001
   0.307669796468458513806458905799E-001
   0.317487916198496815570711328787E-001
   0.366707633121214507913399929032E-001
   0.322055946058535779375579082950E-001
   0.333979688547786499182619772026E-001
   0.388610771829941788016744526662E-001
   0.344759764772376752742912319091E-001
   0.356739562049517208996423090781E-001
   0.372756697825997642240573168620E-001
   0.327511607222863460671395567151E-001
   0.341287051654500826703985806105E-001
   0.387394462527279373546124991662E-001
   0.342765350152112959280159999084E-001
   0.353118089343477910565711858363E-001
   0.355814392070999530295000909125E-001
   0.315109229032055736665260052501E-001
   0.325236106374801260388429773916E-001
   0.372951946099655709818431732351E-001
   0.328030840238330855936845552185E-001
   0.342338442122916761887764220264E-001
   0.326478025103128566440178869290E-001
   0.291912600056200049060017986339E-001
   0.301936367419915984175895205133E-001
   0.320915747532774984909288771235E-001
   0.282561116719172366750094524446E-001
   0.293439009218230635018447133320E-001
   0.339106530116381702792542155111E-001
   0.298850018639092805640082450518E-001
   0.310222556767786263078490169875E-001
   0.337947803264197047655341124426E-001
   0.298672673950342509294913102768E-001
   0.305192705248240989595933664216E-001
   0.332673009944283514252938521029E-001
   0.290813231161784495539899946007E-001
   0.304064187306639248309689982197E-001
   0.329473858098363026679150364162E-001
   0.331819297357423308465600929747E-001
   0.344233018771524664802977954749E-001
   0.342291967226263220372148803399E-001
   0.338222386569655080962049010650E-001
   0.355170156000735369358410888604E-001
   0.338740846632760940791347374332E-001
   0.336412313561010595886482208051E-001
   0.349672292952519417389103539827E-001
   0.352938385634540097925796712206E-001
   0.349357853775228279938084183959E-001
   0.366499756223476263928649631299E-001
   0.343501274697655537161886922625E-001
   0.345530990506388339697857637434E-001
   0.358638459701911016655862800714E-001
   0.386673352575606260848342433721E-001
   0.385448878096283694406902806922E-001
   0.401983947494981102806352415634E-001
   0.363518277375535699074567871854E-001
   0.359384718313773334778739027968E-001
   0.378449801077363859764869489528E-001
   0.366677314227041858324728596594E-001
   0.374949151960650300063639608143E-001
   0.387455989081930509908172562401E-001
   0.361789299845739749802178829414E-001
   0.361533593112210691022210117266E-001
   0.373510666502194405958198426643E-001
   0.384374298483264754426102258184E-001
   0.384308640565414154208919551851E-001
   0.394964608569567701789584379596E-001
   0.363604184357945059015124681609E-001
   0.371827926005656408771948692109E-001
   0.391885949851606076106129376199E-001
   0.374697909362078488983482785601E-001
   0.387643269824510758430961040637E-001
   0.402870643829771892281344757059E-001
   0.382623302749385776381092731109E-001
   0.390894849918630328196624850242E-001
   0.406585715452104335650841435057E-001
   0.354602455468729643484820406280E-001
   0.362545943943698073706734488373E-001
   0.375244427352425001743578846856E-001
   0.369733557501883798766295596650E-001
   0.380855973870011037994740097580E-001
   0.389462859737673170109183528349E-001
   0.331473655749510561273256464540E-001
   0.331507623799144055656731081369E-001
   0.341214377800057124128868068001E-001
   0.341599980930558404190272960910E-001
   0.330917380907379780164217597036E-001
   0.354223759567647308808073633366E-001
   0.352140118917260934151956254261E-001
   0.352658987536745529981637877633E-001
   0.368050973054140786409173929157E-001
   0.357834841414329210415605698647E-001
   0.353845644095522535487575504114E-001
   0.368427879442473113889295418515E-001
   0.329070371526006416199120030852E-001
   0.327682845418434957022354096556E-001
   0.341034631037505837201030502960E-001
   0.294856371801519656067396788014E-001
   0.334157046723252990890919116788E-001
   0.303977344811565285979644268650E-001
   0.302275576908459050827735591440E-001
   0.342368526867038447505621453477E-001
   0.311330212088995665363946684548E-001
   0.294251673463451900619207137451E-001
   0.329588840236276109955249756545E-001
   0.301483464867868163568880435816E-001
   0.297800953221226888142578851832E-001
   0.336977295978008102368908064513E-001
   0.306365938112410337964849235752E-001
   0.288446739955971971726596790238E-001
   0.326597068077831743990950905536E-001
   0.296608340585317435403514815802E-001
   0.307805360715314671664987542878E-001
   0.355490600332373271085767388580E-001
   0.320824415102620713451932834834E-001
   0.317069429153532273046173335607E-001
   0.360165928466979610393196646728E-001
   0.323647413287288501600065331389E-001
   0.310306101401913093432515388942E-001
   0.350928734496387287099398171932E-001
   0.320897057413259098453097941545E-001
   0.319159459580638286338645801895E-001
   0.361416062814086183554120061221E-001
   0.326031634394753673855860973294E-001
   0.316986531553379489736398925029E-001
   0.354688489086175429475882395046E-001
   0.331123297357566008993608775588E-001
   0.345723922367504096191549497317E-001
   0.387164181922802499704202275906E-001
   0.349834659768894435638396190528E-001
   0.320919245382825272075301660876E-001
   0.363062788267455105007282221624E-001
   0.332145054970123736449643121508E-001
   0.339572832351986530358910231915E-001
   0.367349690171085157950039484897E-001
   0.341578687091167154353211156632E-001
   0.311742806251714717357185965077E-001
   0.354717446682750761419967154379E-001
   0.323576808430842817415326883925E-001
   0.313394514234395416332071283120E-001
   0.376035430672595063780447675618E-001
   0.330602000864379005808417649843E-001
   0.303204920561368492606556506463E-001
   0.343657991853044996037379627551E-001
   0.312504478935578390675619520203E-001
   0.297619877426654438551825257274E-001
   0.334934592768128059400477305851E-001
   0.302473925755802519668639735697E-001
   0.296126161715083257346074101761E-001
   0.334206104136313102641738036814E-001
   0.306464538217099058787512988470E-001
   0.288232706596218774389680938865E-001
   0.329983634688889170036290582891E-001
   0.300840420744786438963298904952E-001
   0.292371358091501733746513980507E-001
   0.330877938757651678920774617377E-001
   0.300329768323691730788880151835E-001
   0.284748916997162915601000509488E-001
   0.323068209549015341696883585763E-001
   0.294635833397339070957573296780E-001
   0.293407598721713322598118291814E-001
   0.332113168999548636039366514373E-001
   0.301268573697153712964133167845E-001
   0.294182325624060556045121721602E-001
   0.334572474236450917321437226962E-001
   0.305540128953939055613238019758E-001
   0.299259884014994938632149169586E-001
   0.344192710208240519955229816219E-001
   0.310070702253754393818180658198E-001
   0.293342997840694821529485696802E-001
   0.332084230588522538231824849466E-001
   0.302006637880023547910205121034E-001
   0.335907191966555784577717704780E-001
   0.373008044432841754846309036685E-001
   0.346968931956223733872457469206E-001
   0.323641506689719340786959087815E-001
   0.362091248644887041477761837121E-001
   0.336440395145155899818384467610E-001
   0.323195390465548161534362007558E-001
   0.366828695221140686048383223619E-001
   0.334879356408487671479874022967E-001
   0.335925953754928496609175285573E-001
   0.375944749981521589353223394650E-001
   0.344666025222225775097298714565E-001
   0.332427723197635496229939794028E-001
   0.367690786337467749049677941117E-001
   0.348751287728474567958807455234E-001
   0.292950185902731337624407696543E-001
   0.327356529807169831646561894785E-001
   0.303394371270178324904642625796E-001
   0.295071483345439521589651590707E-001
   0.338422092705996132280782781740E-001
   0.307242116852944652796260652146E-001
   0.308013803578045803280232733602E-001
   0.349020020939318839887504407272E-001
   0.319182347040144979222997190393E-001
   0.296159129943885356791380084362E-001
   0.334638329175113706840124646436E-001
   0.305887736046457712282625895923E-001
   0.303239605402848744341311201808E-001
   0.344585546430520713028717844850E-001
   0.307670889525926393521619007783E-001
   0.294172899363455189068534118429E-001
   0.332754166456587019904752876084E-001
   0.303325439916454968410469020567E-001
   0.297562184977242597300923642112E-001
   0.336578129358068641621437916011E-001
   0.300740787894102793840225291022E-001
   0.322367123810200108708661776048E-001
   0.365127628617266889910162209923E-001
   0.323027594551893261894496242571E-001
   0.321537238430388345766160305637E-001
   0.352219874816205790036049711923E-001
   0.323202481904704894482130460927E-001
   0.309905447106797616181036268065E-001
   0.357584369891316758369437994223E-001
   0.327641782258930151535437512807E-001
   0.294222892114744933895437762604E-001
   0.336547083063352786097854954925E-001
   0.307833517757862249296189887593E-001
   0.297769499490750138915823641488E-001
   0.334120768993129932002891872453E-001
   0.307424132199987717369459069886E-001
   0.295649899156147575029057989982E-001
   0.350491113775545254965182818170E-001
   0.321217689806006530015648812280E-001
   0.306993663627176473568880606340E-001
   0.341021670403165990583490181850E-001
   0.315140183475994146271292197942E-001
   0.304282803107509183434083249130E-001
   0.354549261171150938052986747600E-001
   0.323804261883338707601771764928E-001
   0.343918834037444422240300999206E-001
   0.395634839626101731402920315988E-001
   0.355043557035427908081296070622E-001
   0.315413412345852137755633700592E-001
   0.365689140991801995482113440966E-001
   0.327244419118722120884645289205E-001
   0.329413620800084120158163304702E-001
   0.383689384188089770206069995697E-001
   0.351045254692862039752006740548E-001
   0.313330476689075514075493172515E-001
   0.353679178706557835419976343471E-001
   0.323565622797743943777812743602E-001
   0.335044136074668155002551494547E-001
   0.374285130243675522517284357066E-001
   0.346591026925344587050890139403E-001
   0.333047357984183913452073817029E-001
   0.376450190868087804558328774694E-001
   0.339477269165100781559527456332E-001
   0.339609199687776967694976785271E-001
   0.380936822792071403218994048119E-001
   0.351288141732619116478787904604E-001
   0.344272725421679210300178889577E-001
   0.388127004940956891171556815493E-001
   0.355679381005278445763314215826E-001
   0.318858969466106950720062390233E-001
   0.365280827206600306391450084742E-001
   0.333778677579634294327378604814E-001
   0.331323105149465291295297883613E-001
   0.378070620003039530019714868271E-001
   0.345424707151843226547461641010E-001
   0.290596617751303703301037593410E-001
   0.330257900777466854610829686547E-001
   0.301270496245009504101650152610E-001
   0.291716638537883298498264151366E-001
   0.331295657576295563995838987239E-001
   0.301959458289077906352244862831E-001
   0.299574447662076829316631461403E-001
   0.332107845247357439255665276063E-001
   0.314245481083001492984062941380E-001
   0.310541579174349537671766333915E-001
   0.351614737568926572035945145081E-001
   0.321977055087134979004942936838E-001
   0.288813769280960608651903005960E-001
   0.330479320552012987004780931821E-001
   0.302380377198114545304572326431E-001
   0.332316944295189457265804424096E-001
   0.332721634542053352979296761299E-001
   0.345363348840374839400454541437E-001
   0.338343887561092612618425303465E-001
   0.340553477051205504699654693724E-001
   0.353511898955776119608621886814E-001
   0.318425425139023654166852087887E-001
   0.319988305478492888934598752624E-001
   0.332084304705022768203732092874E-001
   0.343440835361413292123407433940E-001
   0.342960170569502680808730175458E-001
   0.349479152337648104022341998438E-001
   0.330000265017167412824007427690E-001
   0.330067978278757644416413999830E-001
   0.339264376828273938606121106317E-001
   0.370082143801560724635965197477E-001
   0.371897743782402860953442715748E-001
   0.361623326548973544514394392586E-001
   0.360835779312049895633238284266E-001
   0.357015196529486881357936283711E-001
   0.371385827664358861884220106282E-001
   0.357653935268149796659374725303E-001
   0.357520473181433266335335136180E-001
   0.368579389086479451266214952536E-001
   0.362185372072402342059216169435E-001
   0.359923159899937135759048508750E-001
   0.372485099011527414077265104382E-001
   0.376470823271506615022219493336E-001
   0.380022747252626651950525789107E-001
   0.377675948613929280584665536245E-001
   0.395993713361665513778862909458E-001
   0.383382785936873952114437678699E-001
   0.406258843655579451071598313062E-001
   0.370999616002669893765835420487E-001
   0.368458915916362868552130412272E-001
   0.384932808084959741124460994503E-001
   0.387781239088683601188131939857E-001
   0.380890254832233115344152788324E-001
   0.405452424431024973656790944662E-001
   0.356933207030065368988214718550E-001
   0.354072694719959645590606628555E-001
   0.370468927426453647287742869315E-001
   0.368563288102248548714632042349E-001
   0.351632681809362379987769551740E-001
   0.382330415459549903642149482468E-001
   0.337951059148776011863350471220E-001
   0.340994300011996483388177005513E-001
   0.355295032239829356636554225888E-001
   0.326514200161960934716282407043E-001
   0.328131266940312925663193359425E-001
   0.340464703373737940594222497062E-001
   0.343715399378827184765113010927E-001
   0.344466638324672846842647992822E-001
   0.352010102333451632145398289443E-001
   0.334442826443377358157573939738E-001
   0.331267050269444552162034722373E-001
   0.347459354096863597509749391678E-001
   0.330365034949970727807475630646E-001
   0.330687313716395945936020976301E-001
   0.342923625216739809350166332563E-001
   0.305180061497859213800707789227E-001
   0.300059433604505908804673806871E-001
   0.353514793131058367353710085362E-001
   0.306830488606220882939735015845E-001
   0.305191442076084710456235163889E-001
   0.356554201912002005597859346734E-001
   0.303927954652220278199256385876E-001
   0.307229201655183736796265631105E-001
   0.356474704348727724427526767137E-001
   0.301584904645979858755868644285E-001
   0.303921469812464868309745749744E-001
   0.353148293717505890962517814567E-001
   0.300391375138508272460833800991E-001
   0.302142069278855485780020480934E-001
   0.350394034132607677703708096976E-001
   0.317786445868022799398690252146E-001
   0.318974237669659763769985068795E-001
   0.380087145345298223527457947987E-001
   0.320984199732920909295154096880E-001
   0.318363643131424496220729343538E-001
   0.372434502386655473005777742010E-001
   0.317000989073904180897726707112E-001
   0.311825523277103875963743063800E-001
   0.365297083624169139916955111722E-001
   0.324112648703886393329605692749E-001
   0.323067477725213424953454517430E-001
   0.379679892645405374354171697900E-001
   0.312857635846088508360321485711E-001
   0.309608780032992589869482572727E-001
   0.357383858917822624651567070074E-001
   0.310016233406123286729745379996E-001
   0.312514010965503686341832165152E-001
   0.358594087570879292001026413617E-001
   0.312465155125474262508984590606E-001
   0.309730212970341424538994873054E-001
   0.363476780163763544970614756307E-001
   0.301699581234768618334786327780E-001
   0.305277112560655743123903182154E-001
   0.352029119113680438548984735640E-001
   0.300446387340780106845170562206E-001
   0.299271750133542308029644537533E-001
   0.351926524055342897689027355874E-001
   0.298722365880114093792886296650E-001
   0.291190521083056832703582438108E-001
   0.346408323181235664762114343567E-001
   0.301417206393728939293453966878E-001
   0.300031379522456686866953717814E-001
   0.350205037828059271543226399047E-001
   0.306073765083684959460445828522E-001
   0.300819798582655426149743894315E-001
   0.355577556745187649850044724590E-001
   0.291198595550482832579406071401E-001
   0.287143874538487325810191181130E-001
   0.338480796087211170331007655493E-001
   0.291241153340282567993137936700E-001
   0.287720402017548717892070181662E-001
   0.337257126851454287599175298519E-001
   0.294893841728230786590366622287E-001
   0.296219856862221642091917779951E-001
   0.344168084863165692200238542363E-001
   0.299060314940308910215293900061E-001
   0.308494681390522807725892987233E-001
   0.351059227427488717866991720040E-001
   0.299349695996748279023826760975E-001
   0.309265316271207078909606411504E-001
   0.358655120446932793572060376388E-001
   0.294490972029639426967595242920E-001
   0.299946628162799588545009642230E-001
   0.349599633091383714968182169176E-001
   0.303585023910301435905914929717E-001
   0.312175519606283387038035725786E-001
   0.363323974116390164750692802040E-001
   0.295554183255332366834996545798E-001
   0.300568679835138301258563648409E-001
   0.349691986114579784098090963314E-001
   0.322424466308957218575981583804E-001
   0.320190335644655020331780353579E-001
   0.358298068881650069241957882646E-001
   0.320918658564461991516549842377E-001
   0.316264944359037447846229090929E-001
   0.363538985000515477812602609998E-001
   0.310887361174701667630414770653E-001
   0.310133950516048658992822668309E-001
   0.350204527593197899360533614438E-001
   0.312383795637731254283083507271E-001
   0.316055221137631358813237935026E-001
   0.353525432839671603152424760249E-001
   0.316467092585482101917936484528E-001
   0.319957051273581326398905430231E-001
   0.348426368967188338164846897491E-001
   0.295292256545640721638968579229E-001
   0.310796556085317822053314224593E-001
   0.358520963874759526037520760817E-001
   0.301300280511754249943876516584E-001
   0.299983376702983003112148979076E-001
   0.353275351405657984974306710364E-001
   0.310418639385310843712481165456E-001
   0.306044941557536488025570126782E-001
   0.355194387907885244381622684890E-001
   0.296846592317846203570126508960E-001
   0.299763605122682234762699840015E-001
   0.348336145398712523392214692838E-001
   0.306954299949694711681258060133E-001
   0.306383692167403928649398325046E-001
   0.357858679301615920290773800906E-001
   0.315956271167771953561261934415E-001
   0.313622007864934230349521801132E-001
   0.362222823014780027965700228092E-001
   0.310537296938822693384641669262E-001
   0.327991396994172849769911535676E-001
   0.376871968889720450486621102529E-001
   0.325051298007946626430733756959E-001
   0.326273965421891183655239635680E-001
   0.378502332765687316455396631648E-001
   0.325884615376580535535614528624E-001
   0.322505623061367964862895454593E-001
   0.378502820274448773499897025553E-001
   0.325576748230357750663679880031E-001
   0.312154299157570597435314952409E-001
   0.376278649520226656407854410576E-001
   0.304720468330410797233935314910E-001
   0.297970740758473675471132720853E-001
   0.351873143049471778920361584482E-001
   0.289564164902982538877603474458E-001
   0.290936197434832576788708483748E-001
   0.338225340836666932929164636324E-001
   0.316840663063854874657103785000E-001
   0.301167863876666067377011055531E-001
   0.360246894417672084510925835942E-001
   0.293969461933170105678915609900E-001
   0.293172045854904938095131674637E-001
   0.342071711657249695825223978253E-001
   0.314334579546618389881415726574E-001
   0.299949697447394141559563717601E-001
   0.365273964498697069986595386706E-001
   0.317994395893553037435103341402E-001
   0.319456610408199721276121858430E-001
   0.377578165465681114713869795698E-001
   0.304696173324695268529982883484E-001
   0.293451198170503540105687226238E-001
   0.356557563501454854143972546235E-001
   0.323717302680081391822646742154E-001
   0.326513208506064331587148378435E-001
   0.383375562642819866591356298789E-001
   0.302350012204464714517147711388E-001
   0.298740826238247787980499186934E-001
   0.352571269590817691098355391036E-001
   0.321739399214078526853298984139E-001
   0.326085065144855094462116155400E-001
   0.375534403993930581134647748365E-001
   0.332814409251217440293519286917E-001
   0.332822596985029102690928278918E-001
   0.370570102800047169222859147458E-001
   0.323387558111181881007270838624E-001
   0.338704305195281046356359611957E-001
   0.363185047658873211271621754257E-001
   0.339166331837421550762389871937E-001
   0.338371460781306258445493248005E-001
   0.376928800241361149553437266350E-001
   0.311345910216041887285666543438E-001
   0.314158217638738152790257260447E-001
   0.356855713249133241664887342462E-001
   0.328531714288630320348592342290E-001
   0.327157603742754133103364410145E-001
   0.372900315920597777003579409753E-001
   0.301146576848112107115842191390E-001
   0.294492193924315696203674764037E-001
   0.347606281045864328272960237360E-001
   0.285131534328193462955647721522E-001
   0.288585921664735732661264550564E-001
   0.334564182814103035289319211239E-001
   0.291849599481579569463781607973E-001
   0.295611618349015115539093008036E-001
   0.344512210047242670526570932378E-001
   0.299067098177344341842987944337E-001
   0.299271269587051674826169453362E-001
   0.344340988730158845545976982661E-001
   0.295305728087498174901413237528E-001
   0.296966064909060405074717132070E-001
   0.345113259604103602815373508180E-001
   0.338391983304312651080670842758E-001
   0.335910418863653581219843473519E-001
   0.347054405047324275980124318007E-001
   0.345161276469697741025012027902E-001
   0.340838066984321515740673013242E-001
   0.340889844684289356142125157187E-001
   0.360036776756781762286145757543E-001
   0.358386951867501651163461563813E-001
   0.348091692120009126336166995633E-001
   0.345849493534558548600957659071E-001
   0.392777217628968255696291950384E-001
   0.392078417101611995010576435170E-001
   0.377571853657465493624860181907E-001
   0.378593395454239073146021557746E-001
   0.373598616023669497892206801363E-001
   0.372315945181019797906100634549E-001
   0.378683936718438740507096440260E-001
   0.382698676149328424314862384785E-001
   0.395476633098592677068972245565E-001
   0.393486284645854481606697295721E-001
   0.389596522992663492562428419945E-001
   0.363887537749714338745413233164E-001
   0.397559760972159179812576095474E-001
   0.363873384342262075376657232616E-001
   0.401417860644300256977059457231E-001
   0.376052402037679444452465820432E-001
   0.363938256609351773151755929573E-001
   0.353603715130598990808919194703E-001
   0.370997122671106111702368745999E-001
   0.364148106403069367482798657246E-001
   0.341824774517450195677212190657E-001
   0.347009088930526692589802049477E-001
   0.344484618084289393565686827709E-001
   0.344472136413418055628672654713E-001
   0.370851276601112049806462528325E-001
   0.370906756864920449337177074582E-001
   0.355567064572738691917828190125E-001
   0.362801404474934414713374742450E-001
   0.349290310936436983542914180399E-001
   0.348652168823482507719332949367E-001
   0.302428840260310748248039907787E-001
   0.299410296915790633931309503989E-001
   0.310351775628025030896249783148E-001
   0.306079451491530566758350135915E-001
   0.298493036650742678515996570834E-001
   0.308971147661293622390756704804E-001
   0.307600189170005042726788951407E-001
   0.307602392467613789494361562399E-001
   0.296455092465967845236814530634E-001
   0.297956305309996635601265750635E-001
   0.336993013155298742112367484600E-001
   0.333290612822261370149198517987E-001
   0.330271968695863085165748883699E-001
   0.332742939814760522762420198123E-001
   0.324195053622174727310581532971E-001
   0.330281918291210150678427720896E-001
   0.333908231438330268993269120589E-001
   0.338763309946274292889590682864E-001
   0.338561605305815453077245866239E-001
   0.333269502200472747835893987572E-001
   0.332266845089909068650370787201E-001
   0.332471093954401244975688043491E-001
   0.322326819809879047020747361700E-001
   0.319659436046568120212539742980E-001
   0.326284013656293777189224007835E-001
   0.337513179367574923761060144354E-001
   0.313524543553608822410961111002E-001
   0.313248769520390521375309647831E-001
   0.305601965473396656162865091641E-001
   0.303839277628270545770266374937E-001
   0.311359680186938615790269954641E-001
   0.310026348659862241164511589841E-001
   0.303532309916766539940149368702E-001
   0.303535231667261435058258847693E-001
   0.305987849597838822053615992283E-001
   0.306150073996316830686763862130E-001
   0.291813787768463772852146159461E-001
   0.290563823785772864571934637228E-001
   0.304901483825509508079294361534E-001
   0.310547173383834736057901425917E-001
   0.292988681022714394945648899105E-001
   0.294908894586531182122339687786E-001
   0.303118978116300975185613175298E-001
   0.309652314106351246928358845070E-001
   0.301262165090716617015851066810E-001
   0.304239299648210272813359881043E-001
   0.316544779148641604493653283719E-001
   0.317177073008160857408706598522E-001
   0.303851765009837830483279363669E-001
   0.307033558859085655135289352764E-001
   0.345590592792754597898419639080E-001
   0.344492619387945075765862688016E-001
   0.331424670388563040294930745697E-001
   0.331717713124799743328833368350E-001
   0.326130104535811846776568564350E-001
   0.326143199288532002630784400885E-001
   0.333162679082743214110779195397E-001
   0.334090559178506258854107666086E-001
   0.349183338405500323550797489314E-001
   0.349534166829179544569998334491E-001
   0.312669974985873309274654039490E-001
   0.308903323066720312098839123430E-001
   0.333131050525123737294059668769E-001
   0.320836807129957014798179675765E-001
   0.338101705063944820057452548845E-001
   0.329951026923539358558518003535E-001
   0.309576388320003061956901400219E-001
   0.311725510660947303531373150965E-001
   0.319694570787942262382786161240E-001
   0.324287151679140014921483923865E-001
   0.301387343498919316991395380673E-001
   0.299960718400334939858661799107E-001
   0.304418409565359544148360628694E-001
   0.317315425345098084393500462893E-001
   0.328577657978799951378033760615E-001
   0.327874681745339158238744459899E-001
   0.320214871304562586040751191965E-001
   0.329374795562922350615111460277E-001
   0.323924477134619577343297011254E-001
   0.306515262853410557409462252376E-001
   0.301892429669792853312511901370E-001
   0.300866126918575826162312319489E-001
   0.303237303120204425566869455769E-001
   0.303215094769426600038167419211E-001
   0.307221412722142386918966426014E-001
   0.293033932705698416016828665988E-001
   0.307761288067628746118458556521E-001
   0.309024702700053986753373497332E-001
   0.311518965667885144751892076017E-001
   0.303822286472332316478459763934E-001
   0.337389280229249338992887860509E-001
   0.339697289126781152108629057979E-001
   0.311906743325213194376074228133E-001
   0.315679996339575234079699739038E-001
   0.337974290771265180371083615504E-001
   0.329276114807749576804719024233E-001
   0.316062954851692100982379881973E-001
   0.317942158268634155968355314297E-001
   0.340268252882402258425165263736E-001
   0.343046817622816390830661045087E-001
   0.344845063804776938068238043028E-001
   0.348533521865136914301027289935E-001
   0.345599446483988674051251162247E-001
   0.347305823066376342586550891444E-001
   0.353713335193353136104503706720E-001
   0.353642967460735741621314479461E-001
   0.326031187175246151683936515589E-001
   0.324143490018772779172183079450E-001
   0.339787655860532686579608716785E-001
   0.335636369339331628790094246099E-001
   0.298801730462015782852224425081E-001
   0.298202015627556687646037707766E-001
   0.292289407052217017884553853195E-001
   0.291608265347071037070120341312E-001
   0.309911000963470620543083547912E-001
   0.308402877136640446585097327482E-001
   0.314254847498666236769813836940E-001
   0.309620111366321811537197423577E-001
   0.296316854756839007840681203878E-001
   0.297792350809057873470488502021E-001
   0.320905823321088732168615779557E-001
   0.332241522302757550445275956182E-001
   0.330104361571953384512790629796E-001
   0.348381704560664821953255990416E-001
   0.333125953296126157512106764797E-001
   0.378197844997252230918365789048E-001
   0.364636743889934670385509952311E-001
   0.362415402470116437956536710338E-001
   0.375929684368190700989446319793E-001
   0.377698115723147649669221173047E-001
   0.337956908350426880579991003814E-001
   0.364458636016321658084197536928E-001
   0.368321758200175625472252937988E-001
   0.338807664949447855321439340445E-001
   0.354576451379702718572026861245E-001
   0.329746057730670062935913907158E-001
   0.331767621454484044926356090285E-001
   0.356061324132205775645432416386E-001
   0.343260259312460259592260121330E-001
   0.350504505430394609333896554006E-001
   0.327329482565036600394051480162E-001
   0.333943273999028073685334542450E-001
   0.331405835370664032647673758928E-001
   0.337079010461673138244318183901E-001
   0.325856311486194876894645703866E-001
   0.379615127017367401718164982759E-001
   0.366804077207788166008102706205E-001
   0.368403950760526021114520331487E-001
   0.379912326433712585528972175938E-001
   0.369551049906704532490289252039E-001
   0.371188941746478259096259857708E-001
   0.356397883659025415856473485187E-001
   0.363570739277671034388019189529E-001
   0.342901245120409788801591925904E-001
   0.331375353400952779519570608749E-001
   0.339916020840003455060050668184E-001
   0.329534543601380740057154594457E-001
   0.337310684094509461821144951634E-001
   0.320307613486433367248361569288E-001
   0.347911023655978411556801898992E-001
   0.324523643819230507801035919199E-001
   0.339349260657136658463098134410E-001
   0.333200456367156908527120537651E-001
   0.349488759673288147673166640754E-001
   0.340623581002335190334640334681E-001
   0.382820663497179866191371036815E-001
   0.363316003433534752289586744188E-001
   0.363203999064219072668686453615E-001
   0.365162989784971239740998429495E-001
   0.377808612029087189605283383976E-001
   0.356823144163334926000040448857E-001
   0.380682641649161053963617028413E-001
   0.381806338012824392108030209992E-001
   0.354599078327774663751757660033E-001
   0.373306857774432722586536641493E-001
   0.327815857253902977558859132242E-001
   0.336511278955159107620695760696E-001
   0.356708250332452869557459461855E-001
   0.352591259173542156541727616856E-001
   0.335973888626881796900864040772E-001
   0.329608507396054618902969014263E-001
   0.334495274204359027521057046004E-001
   0.319300344098206399404273362985E-001
   0.337434485453498313953767423834E-001
   0.334686102741392573638112218845E-001
   0.375362945510878344897792792378E-001
   0.342040033641641393145859181864E-001
   0.362100534971908491171204879121E-001
   0.346773700398366783150753297023E-001
   0.375801783932516152199346545667E-001
   0.388495793081599249491054110030E-001
   0.379823874448608493620942507879E-001
   0.387550613417958947237089889537E-001
   0.355486499010144459802196236151E-001
   0.363970951497603895785925677938E-001
   0.328508167628678135662673265634E-001
   0.319779647520079375830142331984E-001
   0.338201281122561408713404713567E-001
   0.340297026309883646516884534407E-001
   0.325828257597223676637721410716E-001
   0.341765841557073115716559155848E-001
   0.329782292876202758201396979373E-001
   0.347104884221076810114970976128E-001
   0.334387883464402512088184133201E-001
   0.335216784475121619864762958454E-001
   0.336105166806616038888801448837E-001
   0.360180665907746552385345920230E-001
   0.342619559445851241339565394861E-001
   0.348064400864281409399825529440E-001
   0.343044899266761833056808035594E-001
   0.394009013054527096470025178306E-001
   0.391222291260630557159628690503E-001
   0.374413512899544328097807816555E-001
   0.351500884708788245127556148611E-001
   0.375346665962298165759940512477E-001
   0.370616242855389002866579662496E-001
   0.373889611310689024463338762845E-001
   0.350883826774376513695021433751E-001
   0.395670184373759567744863698501E-001
   0.376433560921110601042047935624E-001
   0.401935593397058155762976203987E-001
   0.379713358692609072957808082070E-001
   0.392657680669838012048066432792E-001
   0.381768149809366167259319066000E-001
   0.403084069540916806908588495492E-001
   0.388290166229722079886780722456E-001
   0.368838551526354984926531864053E-001
   0.357997191359163515804770706001E-001
   0.378185330294894799301262518972E-001
   0.372118389700864111661892934889E-001
   0.341420481665964964207615797783E-001
   0.327094929028776837587451412941E-001
   0.339798763917489289957788490673E-001
   0.327215945127183876154597040402E-001
   0.361230370176579026218872257694E-001
   0.338245327928717029782777057578E-001
   0.353655075768716433838021891921E-001
   0.350597130078293243698855128770E-001
   0.337212693582153870501148186820E-001
   0.323533124533265383886149593202E-001
   0.307081112250473241798124683208E-001
   0.297286664298356024738907255833E-001
   0.311980117679306022148477877358E-001
   0.301421230426135392039663817444E-001
   0.305756008573753862664154707169E-001
   0.296570334742730421215860480185E-001
   0.305364037236943038320752248395E-001
   0.293269091700295197131191599928E-001
   0.299769590059252913758203195393E-001
   0.290566120589692157956342651177E-001
   0.321028163818690533962940294295E-001
   0.293932173500190449661822717343E-001
   0.326972405792541832727890809816E-001
   0.306778125309175643970682916219E-001
   0.319353793544015469815011990271E-001
   0.300581944523322840284869560627E-001
   0.328104345939320967350535362599E-001
   0.310910633979383001070849763640E-001
   0.324377821733841045196095217014E-001
   0.304415656680327576686100124494E-001
   0.332482320861528815912234353607E-001
   0.344608770742481692730564964123E-001
   0.326188099126786989651632177879E-001
   0.317704569316092545804369829135E-001
   0.323323053535276309903187792690E-001
   0.326438225538526146046381386408E-001
   0.315597574103517745638280628849E-001
   0.310306857094107872548985601664E-001
   0.317214296279450967365848126163E-001
   0.319350402665466778259269003356E-001
   0.312259759415901657607932722511E-001
   0.301447450877434625123499712508E-001
   0.308687204862727745505791606399E-001
   0.300616936664843158539913495920E-001
   0.300223626900474346349127714699E-001
   0.292707941977046285993451411104E-001
   0.297485671333395633228993348191E-001
   0.288560413328351089236403990200E-001
   0.300058337768993915072700281101E-001
   0.285690478385906532980618197097E-001
   0.296766799911538274620905526530E-001
   0.286836227721069593606754576416E-001
   0.301480806141633631290792295843E-001
   0.290399247204842095237656935589E-001
   0.301330116602255471422515156696E-001
   0.292813478378401181255934859770E-001
   0.308057095437498496766016921145E-001
   0.290634364099627290644610137134E-001
   0.300865930662530186509523311149E-001
   0.289389101291169192594040229511E-001
   0.340691941149437819162125996449E-001
   0.330834581148841755935683678237E-001
   0.332780841214992083813247146088E-001
   0.313652518825756829080732065078E-001
   0.324409414984714729042428323819E-001
   0.327301379183953638990265771748E-001
   0.332548950617983969233603454540E-001
   0.336895358407195932027721574904E-001
   0.343407248702922161209067085806E-001
   0.319447368529126740767934572919E-001
   0.296481258301752119894435121113E-001
   0.285268684147532474854851535024E-001
   0.306644226150399877079431290410E-001
   0.282566957015695827343923387355E-001
   0.318121615811630863907319766953E-001
   0.297160551382893722530406896098E-001
   0.303350972851877956075025298035E-001
   0.292578363815253817648298231731E-001
   0.311740834706363817820591223293E-001
   0.293359894985131340086288365334E-001
   0.308193741887934467155821481586E-001
   0.299322977298374075853296410385E-001
   0.305573618707027651580067915384E-001
   0.297311297160240921328818304134E-001
   0.328587571656064800207744189623E-001
   0.316222686698456904936923677372E-001
   0.330865314961618437187669419361E-001
   0.324171138432261835556844377893E-001
   0.329411867808222284638557234708E-001
   0.315848531899561776354463505238E-001
   0.308333111199984871885227103162E-001
   0.297376193020309678540675724283E-001
   0.299190716544605622282723543464E-001
   0.293776148205428034566339888477E-001
   0.322766750917759226743965369688E-001
   0.304937198816467018560359528486E-001
   0.304400433425092169282117374620E-001
   0.299620562319858338727818439797E-001
   0.321750557866901233243711060733E-001
   0.309544024192355290697598317167E-001
   0.340472825187293542678219662245E-001
   0.345272124597297663890039498351E-001
   0.319248840369073367896595725360E-001
   0.314647587148211691176642566423E-001
   0.342822749156628872183429035851E-001
   0.334607523520326294394774980094E-001
   0.315493652655284645614853913015E-001
   0.309472054166640854865929963419E-001
   0.338572997576828375055736053311E-001
   0.326596583326165146850832095587E-001
   0.341861598974012052893224891216E-001
   0.325087395166776261020418358496E-001
   0.347474562849149310098953248671E-001
   0.333953356444157750768822127025E-001
   0.353644701351195210360226362853E-001
   0.338630266089993834523509027481E-001
   0.326180541154772421787286820512E-001
   0.320709378100433745139256437480E-001
   0.338953618221522342134259004838E-001
   0.331913869261413161183300559013E-001
   0.303186816694372852488771660068E-001
   0.292859038951653200473483484012E-001
   0.292982899732518088982699390169E-001
   0.290244545093244434871664464995E-001
   0.302678927502861969604880695681E-001
   0.285424812528407530960209539930E-001
   0.314174973109144349958798165412E-001
   0.309143793187410202266648741888E-001
   0.301984178658707363234565618822E-001
   0.291500985855873192532218237744E-001
   0.341445138083740147765213554424E-001
   0.329174028011634085083103106127E-001
   0.347855860893045322611951310490E-001
   0.337258903435762737221217138141E-001
   0.334715092316310177951246069994E-001
   0.321835764402093739401273836401E-001
   0.352724797772506526768413477873E-001
   0.337059371669054917680709993560E-001
   0.339489689260737722218509708133E-001
   0.324037682934385402489354384309E-001
   0.375592261506680380336189888452E-001
   0.370803986727359928076705246009E-001
   0.376541422601763747302761680134E-001
   0.363523589429191953456618510965E-001
   0.369202271131998414681365599189E-001
   0.355006734149804687320315111761E-001
   0.380525088936567029347275064970E-001
   0.367808028310472110304728634117E-001
   0.385280733785709108279553665768E-001
   0.366188659614088910738658828784E-001
   0.390440014288928558927456232351E-001
   0.391134404144336055742255034335E-001
   0.385939733754892180962675987420E-001
   0.362682147309791462666001589261E-001
   0.402352572235342013792439362751E-001
   0.374607864371507198924148244371E-001
   0.363243471469265985091388868451E-001
   0.350462251382641915071552201651E-001
   0.368179901706202476894423183853E-001
   0.354329306421786869945901793461E-001
   0.352878579269696013319411947427E-001
   0.340009160237097037646768483158E-001
   0.341847749826369621211585145800E-001
   0.329056592937817465558741671962E-001
   0.353627755304747601230806802753E-001
   0.334694042613343433861109078205E-001
   0.342450051492332786870462355653E-001
   0.324025877986827005693647835540E-001
   0.347276235766669484232133194576E-001
   0.334562196070613728716426645422E-001
   0.344490203014592763200127927592E-001
   0.299482359225954777517869320302E-001
   0.351743985444076833443625748865E-001
   0.302117578778672653436500549403E-001
   0.351068405067534226319729825480E-001
   0.304156021465715672458616591715E-001
   0.346900237322646996175063846763E-001
   0.302576392688203267994342979391E-001
   0.342042084294055070250556692206E-001
   0.299099417014820947022599640138E-001
   0.385491193370664971653345635163E-001
   0.327613264896537431114912062999E-001
   0.377844816795961831270292366313E-001
   0.325187890602769311761440132703E-001
   0.385248725406599068616419433974E-001
   0.335413251027084303526280804106E-001
   0.390192086565469438087418592119E-001
   0.334987376165856987476745094682E-001
   0.365698550221565101989859429319E-001
   0.316786343770298351304026353330E-001
   0.357961492873412687404636591047E-001
   0.301380336275459722647536879308E-001
   0.359230196133248580743412136217E-001
   0.303463309316518341413590758720E-001
   0.349171677175842174212210790815E-001
   0.290110966928490849153053045999E-001
   0.344804435038432223575036180580E-001
   0.288118877203681505659830217056E-001
   0.335643419250379020985126240686E-001
   0.287673977341478137480802180227E-001
   0.346376367091964903797640376750E-001
   0.292958626738116459436250895198E-001
   0.347199029770199312853039806259E-001
   0.296731374868865666561396541710E-001
   0.331708488704615595259751252224E-001
   0.283485352941441111053718925257E-001
   0.329938902224625368274145101929E-001
   0.285223396524415875855712906983E-001
   0.352801439191837260288838384028E-001
   0.303348947928392416476364962333E-001
   0.342523168075981836156808183951E-001
   0.300283804381645126698475963480E-001
   0.358897101138174057896853751978E-001
   0.306318631616441335014503394203E-001
   0.348990034433062198344946981647E-001
   0.299108225200099076579090940887E-001
   0.362508105002831244962655605474E-001
   0.309986712253895026329439910706E-001
   0.351495865674390957023211468621E-001
   0.300888268900642846521379753412E-001
   0.372079127268308651692047529137E-001
   0.329214148391935787364243181284E-001
   0.367440288736661544718037547784E-001
   0.315724347426839315793024234485E-001
   0.359988423435345463596575867629E-001
   0.314413628203523383593892577203E-001
   0.359223370513189705326058307635E-001
   0.306443131563221726788007281999E-001
   0.358971716481255828784277100466E-001
   0.307415148742287124903422910590E-001
   0.364023745813710417182458290085E-001
   0.306240725084494014601330648374E-001
   0.365735520414803925273998438404E-001
   0.314031683779028173899814934571E-001
   0.371123122793385555307533459275E-001
   0.323896535438291582846250680827E-001
   0.363142525510311471952425313647E-001
   0.311107033505722539782368366828E-001
   0.372102016581630510189031682241E-001
   0.320739260268571558159520995772E-001
   0.347136718415246886294617580022E-001
   0.315278345143999021526124046053E-001
   0.367709405140686790411907467204E-001
   0.318771503808908097452609416513E-001
   0.375250414737629213050179306907E-001
   0.323587476193207431697644559127E-001
   0.371520793138510586872483755252E-001
   0.318904077996672479830256735767E-001
   0.363882229831018886251503935123E-001
   0.314654705483086220859490843169E-001
   0.340958504096211574796562844999E-001
   0.295854700132739869766592132972E-001
   0.337237784192010069039372157347E-001
   0.289851807716827675844981183108E-001
   0.342130557171806465869326339788E-001
   0.301061419773542249893497980344E-001
   0.337605248616815628277001398924E-001
   0.290534582041831139152554262961E-001
   0.349822103105176507259539738262E-001
   0.297882488604153514311839202923E-001
   0.369631241663269472013261310609E-001
   0.300259464830972094520875178638E-001
   0.338589788984645117339752563361E-001
   0.287114191276420040349947725373E-001
   0.376068436561287198128747585562E-001
   0.306568225039889074168730242090E-001
   0.344588429032445275672518701332E-001
   0.292719992527247262121677314345E-001
   0.372874015639654278269012087847E-001
   0.308916868801918292674540937890E-001
   0.383195220411762792865248510091E-001
   0.338062437567666100916897278227E-001
   0.372802174246857401122298063478E-001
   0.308836896393639282230650396850E-001
   0.386901461185906121876044076496E-001
   0.334738969417002690493184855900E-001
   0.359302860341820777724635377952E-001
   0.305273177337113338749155830757E-001
   0.378941685944495978156906386367E-001
   0.325975905661134545061321271535E-001
   0.336572560842899211432346366530E-001
   0.294021648965607620101379444033E-001
   0.328955135118310832143300573376E-001
   0.285484422299597655842810333069E-001
   0.344771109751038806787957995760E-001
   0.295668557159555846625522694408E-001
   0.345250906511360684114624753292E-001
   0.292826029921835268462907072620E-001
   0.341484770206823385199538552441E-001
   0.294481186533270765743099628054E-001
   0.342390801095218264604501127595E-001
   0.347165595837610149645929635583E-001
   0.331543777566073067996290426695E-001
   0.352784874480716066832271749467E-001
   0.345923007091036983310880619324E-001
   0.377672880020547200027513047230E-001
   0.369011634633123940486378998678E-001
   0.374987396140877616561827854525E-001
   0.371084697899545805455889221221E-001
   0.387534886395728534736866541500E-001
   0.392493551164957632141209822802E-001
   0.395636106936963851382540482222E-001
   0.403821205322547096275536785687E-001
   0.368755905805988396115516526873E-001
   0.385158720275670596135270945106E-001
   0.347852481009997449923586577896E-001
   0.335654792691177436592873029720E-001
   0.353749638735757963613505868158E-001
   0.355035941477458049701294414080E-001
   0.339061101364851846351295827153E-001
   0.345980283676624732470000833855E-001
   0.352426384265532596475530136709E-001
   0.348033915814022654494161566054E-001
   0.346927998758545724567679726459E-001
   0.340403311321113304385088803894E-001
   0.372075889280131484589257388128E-001
   0.367290811793443521542852082808E-001
   0.361163306419649130850664576286E-001
   0.371050780183974998314988823085E-001
   0.357684191028459441535077062367E-001
   0.376694970716364085979451415085E-001
   0.368254826969372015765714426702E-001
   0.363188549641476507972171930675E-001
   0.357704651459184877302860978638E-001
   0.364318881531120554551581325809E-001
   0.350907908808471227897807844962E-001
   0.348197269553541762569300006602E-001
   0.337751474673990126368682193505E-001
   0.334446959782512691225052959864E-001
   0.341028275110149950572479081588E-001
   0.335838560674986210378460506887E-001
   0.345626763852887227671020407233E-001
   0.340076556858957261253299569231E-001
   0.354205432655451908842326238593E-001
   0.341188429736337673437039804444E-001
   0.367676618597240990489098189501E-001
   0.365787741154325075378058163357E-001
   0.359285044428000668793954654209E-001
   0.367302732369885844312062283826E-001
   0.359518853594136600195889201192E-001
   0.341332206515188070693908185822E-001
   0.349141685709570215168824096932E-001
   0.354082702522097206192246863590E-001
   0.342847212471127789971452934343E-001
   0.353604574307552497770869432741E-001
   0.347746310661938928703757117836E-001
   0.361314525805032595475435345441E-001
   0.375967397314400575923080159280E-001
   0.371882488060332241279651548704E-001
   0.368349482395871794444578960503E-001
   0.346290260958159206904677070248E-001
   0.334373715384671679857370016007E-001
   0.358373293582447557714238125878E-001
   0.340521601430193921739987000795E-001
   0.363260861818973141176414831231E-001
   0.395299420650379740238930592465E-001
   0.368196630694725528292611838423E-001
   0.390540656601093443940926835517E-001
   0.356743210812317768630240368969E-001
   0.378605492744927866173725819113E-001
   0.379466038506801991345395770077E-001
   0.377072315042250726141537464656E-001
   0.386777955263295012257471759600E-001
   0.365265498264487641823198080086E-001
   0.378888770045432657608127970040E-001
   0.340837589410802721217626869662E-001
   0.329454650029357095411115328064E-001
   0.337207289805194387300937568708E-001
   0.350824495909849840542999477475E-001
   0.339589844240239025502288980364E-001
   0.339824168806239821234876151398E-001
   0.346728513685119738672444917860E-001
   0.335621760015113787198467167497E-001
   0.354511376573060730923495765559E-001
   0.340785589280008761592256159769E-001
   0.391699958270332204280662094302E-001
   0.377977662907184914632304534890E-001
   0.371394997692960032957546224533E-001
   0.382830186884550454645587582521E-001
   0.394990237303924005472614694824E-001
   0.376571779179756947225736827515E-001
   0.362991127544460221793911575101E-001
   0.374756466094746479908201492017E-001
   0.355453237540175576335522706449E-001
   0.351544359254069365012166229785E-001
   0.352930434126299840138088969719E-001
   0.342034993456120598683211723748E-001
   0.363464421436542086186366310892E-001
   0.339564551932207767528698429682E-001
   0.348395625437798559818653515553E-001
   0.300068142601757524232017255386E-001
   0.307237100214896386110254134303E-001
   0.313309801859485114746383637469E-001
   0.305828084597167271637772421612E-001
   0.303864001919883244317361068488E-001
   0.336082780400018524892231449174E-001
   0.334648880051895110399949222012E-001
   0.335090732457808975746884639722E-001
   0.342227847495575849548565925627E-001
   0.328496048466500354939235372007E-001
   0.318323715347634918577888728012E-001
   0.310425349672011500529413952793E-001
   0.314948937243199652592344825986E-001
   0.306409126609857325006221268029E-001
   0.295558985880302162537073856744E-001
   0.307964333046622435187235970306E-001
   0.304021055345259372761850282927E-001
   0.298887249197011977743300083738E-001
   0.292964457699699856409116565937E-001
   0.311915604154493402016479106192E-001
   0.307136007986121082161842765717E-001
   0.318402281004183239556305291028E-001
   0.309812492204553510612764227349E-001
   0.320618150309453487394326171867E-001
   0.311410183983837940832616522677E-001
   0.341750240034299858341310197720E-001
   0.330039558404457380300969323045E-001
   0.324326482914199510521320897118E-001
   0.326994949740320693545452346413E-001
   0.348380934510662507729018055046E-001
   0.318856589859850235797261636657E-001
   0.320792071781492630666723737019E-001
   0.328696123247027976561588889994E-001
   0.318268841915428384752805072382E-001
   0.326002891110527106095041132692E-001
   0.305832680113748790540843559649E-001
   0.332038169809468569686296723592E-001
   0.328968475710259285704797667294E-001
   0.326824267531400171927051671879E-001
   0.307738093111593899124887551927E-001
   0.301005799485581688314171384527E-001
   0.301097524070569433376652281883E-001
   0.301380511789078666892433133213E-001
   0.300724527096731653682359330882E-001
   0.299873531350164441739924472794E-001
   0.321688305302567581373701535909E-001
   0.301996560412597921104027881989E-001
   0.328500600159048974101139660564E-001
   0.308243524686542929242853797808E-001
   0.333844775517077594712319195405E-001
   0.349950615843103484747882108604E-001
   0.349597921115732465786274816646E-001
   0.352797280700031222059367775668E-001
   0.323210113257422382447884878492E-001
   0.336761161855301086423357273865E-001
   0.295570839079085918270835702283E-001
   0.292289552309193699849575709618E-001
   0.306138642144153885733168341682E-001
   0.306275735727407619105247446853E-001
   0.303991484792685272207434115394E-001
   0.319777652227987917221351677172E-001
   0.321878788100996245571359644622E-001
   0.327639537562858750936575526684E-001
   0.328870787991424125193910069358E-001
   0.334973199636283850188429897112E-001
   0.334924864739026118324396686340E-001
   0.337272189098006537210596406683E-001
   0.335466611425205353309766039677E-001
   0.328506957088227144390327998506E-001
   0.327711271086595071377149779954E-001
   0.377628709319433812049170113149E-001
   0.376898583503436709765595766427E-001
   0.364613254380631693119587077189E-001
   0.366834781223033721298798687208E-001
   0.377197807732923953300908959323E-001
   0.375084122490107895127709750143E-001
   0.382831283604763318620312965841E-001
   0.382296162271298373807480846500E-001
   0.373445986472066009647191678602E-001
   0.369600964209899894116265503477E-001
   0.331388443527599254868659868948E-001
   0.343631053934931725502314376407E-001
   0.330924884959909730105027126342E-001
   0.336024523955114671900609937509E-001
   0.347197718705476072721403067976E-001
   0.343594288131350650329782282172E-001
   0.332327227880423587170160573760E-001
   0.333593222930248224506858080759E-001
   0.335299288770917216989475955553E-001
   0.327233971330116810678445583083E-001
   0.329390527383822408053201424820E-001
   0.334771316747269118223269766273E-001
   0.326638279255078920473455454242E-001
   0.327813467960118759268822212740E-001
   0.354916907998448239982063697951E-001
   0.338935102803489758190957847284E-001
   0.334194787190171582376632493412E-001
   0.336501681882458523183758019203E-001
   0.352962079187054953642686790174E-001
   0.353451865929429411089364643128E-001
   0.283758040436429360977837510144E-001
   0.291099599525446730123116794154E-001
   0.297903783275214051408116140893E-001
   0.287197069485893644245220793782E-001
   0.290089687933103051050401018761E-001
   0.332353502142059981323268874006E-001
   0.325120555345169058815192844324E-001
   0.332052604450689730244934028866E-001
   0.338192444462937724006911123464E-001
   0.321333837518374636741406949087E-001
   0.301193060177339467955431197314E-001
   0.291231620559925911239770584455E-001
   0.295662131110041199854054507255E-001
   0.290285992460034738791144522175E-001
   0.287939322188143812892085494834E-001
   0.289511359965569547215866461279E-001
   0.288750251528334032685811672534E-001
   0.302027684602290415255679200128E-001
   0.295175005743737531356393164709E-001
   0.311114295000118030407824863960E-001
   0.331973472085810252206030691514E-001
   0.292660376265667535148674010333E-001
   0.341415699221579993129505962583E-001
   0.306253401220977808099561164905E-001
   0.343598571959946085374558385537E-001
   0.301963926542940638800954772043E-001
   0.349741126437521813350844941209E-001
   0.310538675938875474718682000165E-001
   0.349592544609794005287273864748E-001
   0.307392291818207915094537709509E-001
   0.388652890751263303267847151639E-001
   0.344703326046848652223681629243E-001
   0.360969519672527117981011500606E-001
   0.318221728253680189955940061096E-001
   0.377197689357837127478193810977E-001
   0.333725976730015044430709708901E-001
   0.356476883426994689575038798804E-001
   0.311581334725655547453983165655E-001
   0.375379009617246174301698824282E-001
   0.324810475124262093335839110559E-001
   0.366288062547184560771656087997E-001
   0.321959618099234917027169919673E-001
   0.374318025661730070432670070923E-001
   0.333226040310437004651839595990E-001
   0.382412830879437888535672016600E-001
   0.339365082248046990171052982715E-001
   0.368249339445056352494141374157E-001
   0.321266338537278162550953772165E-001
   0.378621331129684040061132801122E-001
   0.332529479310890371979284147286E-001
   0.325027156112242494163659179414E-001
   0.287207566967863075642473440287E-001
   0.338708779189218982995864946472E-001
   0.310966232447788916844302992916E-001
   0.356038215721134185192962803725E-001
   0.312373169876275748874886540769E-001
   0.353255446253369276860369863633E-001
   0.313031334144895292643715292505E-001
   0.326737389971727017996847048410E-001
   0.289460390171118260403742952315E-001
   0.328482753476185229553263664774E-001
   0.288725932730559358107811266651E-001
   0.335619418291063449828184131095E-001
   0.295344688695867403027052108476E-001
   0.321623028011195878685233512651E-001
   0.284654900824665495909865688157E-001
   0.331555437169412845077389362381E-001
   0.289390321917945545218566924958E-001
   0.323475505444800527030567898432E-001
   0.282473740232752276111709066352E-001
   0.349105992207801696806722583276E-001
   0.294766369737063708146090100809E-001
   0.341663000870435352974812184017E-001
   0.303377216224508312513812879229E-001
   0.353218993590491250781945610022E-001
   0.303486776822178888180961276299E-001
   0.347437282493368555517597907198E-001
   0.308106711008709949081534524069E-001
   0.363450433207532340218790424694E-001
   0.309102090834150878612146168757E-001
   0.389257636439252940318662385283E-001
   0.342752776661293656531769332997E-001
   0.367557819534368262450298236288E-001
   0.317240623119565588443929658176E-001
   0.384909640546104488793682155267E-001
   0.334681000962022060674150221380E-001
   0.354386937788684459218737202203E-001
   0.311443494696978902646693096281E-001
   0.366022842975421637592273974324E-001
   0.326415820060676280728418957809E-001
   0.331156820691276227556935388504E-001
   0.293745883852260561208983726015E-001
   0.321252732648992842432347472344E-001
   0.283312376785760037271722328389E-001
   0.336608428451809451937614928227E-001
   0.297159071125190766399767899456E-001
   0.331391529199280103702039010096E-001
   0.291720629189439490108170730730E-001
   0.327182911987488698721278988103E-001
   0.291415977918044684432503172894E-001
   0.331542225767123005453374383117E-001
   0.341704573883766476121274885886E-001
   0.344518815285004753251713272069E-001
   0.347278649687290250268962144001E-001
   0.348946700159084318530180902503E-001
   0.388831868087621073996662953125E-001
   0.361058689165008474035812935283E-001
   0.374615369642243371907327208092E-001
   0.353357974683847036335251628465E-001
   0.378196920611739970673096405421E-001
   0.367544143855758461333802586323E-001
   0.382134818453973796056226367630E-001
   0.386634164892323121517050192982E-001
   0.364205699613800492363110000228E-001
   0.376368835652680154776206466146E-001
   0.325501147838040328202197253053E-001
   0.341871842278122042210041961634E-001
   0.336016332895832080096971886222E-001
   0.352806886583105666487253313043E-001
   0.326058473466637437764308787990E-001
   0.329016360401620842719015852402E-001
   0.337424975834190904766646561269E-001
   0.321105251747409274013203808784E-001
   0.333097260929849089558984502057E-001
   0.321512218158860290697631460389E-001
   0.346365332124314971913199640721E-001
   0.353932611303582489657517993748E-001
   0.348008124989888165336284885548E-001
   0.354661209311753429690017447850E-001
   0.356881939447581924964784409005E-001
   0.389582159218326828041088444286E-001
   0.360952713051337685075719487519E-001
   0.374631047853301003070895623247E-001
   0.353150728742920306135695427134E-001
   0.377739109264066717861893401262E-001
   0.337983530515908381437692471957E-001
   0.324524697770056030815149282309E-001
   0.335391859969938184094361078603E-001
   0.329169473799178815381150283384E-001
   0.327496986355774986933544125091E-001
   0.303680351585787051222517015682E-001
   0.303243070862387399207035854966E-001
   0.304428660136687202665416057568E-001
   0.303148002767740278605729889815E-001
   0.303242344869629371377945468391E-001
   0.318572351396234341004234926660E-001
   0.308554604838441721253695002648E-001
   0.320053061885850958896519931714E-001
   0.305265316036634307076061380880E-001
   0.319904091233476530327682204985E-001
   0.296990582926718144430280936867E-001
   0.325053174300701849365282802434E-001
   0.309735743495993601171325612349E-001
   0.307739848498892123015278670024E-001
   0.297749584412085068330889278172E-001
   0.298691855253444776042547997039E-001
   0.308681902444056001938061335699E-001
   0.303284783312312053179312394263E-001
   0.312006738354224407849779591308E-001
   0.289569053373919554344731852125E-001
   0.301812589286547157153687734837E-001
   0.291579977797494750794794357274E-001
   0.298974946824319334845229134118E-001
   0.291115232858310381245355698848E-001
   0.295005179190258868980194221740E-001
   0.296618548984010038397137075747E-001
   0.302116068909519407488273854337E-001
   0.290328604804878000263420103102E-001
   0.292605550452628871909501576220E-001
   0.293499995698829220973124347323E-001
   0.313657116987750167135139404898E-001
   0.307926432700495496740949073906E-001
   0.294299443293428097138411054392E-001
   0.315225298073096915222628183050E-001
   0.295929250251257800453178666752E-001
   0.305028647610860016800291626293E-001
   0.303169299651318375957747010468E-001
   0.300006359378993961742407061159E-001
   0.306374822549566195548390663729E-001
   0.298146688945945011655845341106E-001
   0.305753125959597558753739367986E-001
   0.289184262353544419042572224432E-001
   0.293154817121703103571278962031E-001
   0.292376863433531738190412932168E-001
   0.296556301945213615714419715378E-001
   0.323517188259238392481752586456E-001
   0.322217301774707009859418954857E-001
   0.319341550083789511866515169633E-001
   0.323223192732249208682481071395E-001
   0.319451361867063129278461447048E-001
   0.304749389823394280043935637204E-001
   0.295443752222129104919714072012E-001
   0.309545142424847536421027314421E-001
   0.295622606128696695432124512700E-001
   0.307937800994160264723149245509E-001
   0.320037330544993547622584966844E-001
   0.299998616864142644172499156129E-001
   0.326582011374650154898141709107E-001
   0.299862616244899311385692363256E-001
   0.323392623242317150459881408571E-001
