  -0.347155040981489557088993356267E-003    0.445093272953301680417478838698E-003   -0.219618268044299221022985530315E+000
  -0.161663023478813678212279403192E+000    0.116432697472573314840825074189E+000   -0.989485328499019373965110071538E-001
  -0.159429615978950910709106126611E+000   -0.116598058935026117119565577177E+000   -0.987329032377081787662101752740E-001
   0.594677777242159708141857299533E-001   -0.180710467505567608228073572531E+000   -0.956837807341498703820906844009E-001
   0.200519609827217630488923664588E+000    0.103866718909617111460907277446E-002   -0.100593837484173105029750769495E+000
   0.582456415982880284738862098390E-001    0.182617411994832019631573240979E+000   -0.954107071340230721670035005012E-001
  -0.192150887760707316870401325056E+000   -0.111598962085453254000669564773E-002    0.964523988414956854589784063722E-001
  -0.595275315624974747197995412880E-001   -0.186583714896029959144049312873E+000    0.975048410194737926779080650402E-001
   0.152233685101422379852662774691E+000   -0.109800696033872235190178519396E+000    0.932941888141932638061696910921E-001
   0.152525896557262587847969537604E+000    0.111468287427527642635254188490E+000    0.945758494255279885614284248398E-001
  -0.589859690322156402267875311039E-001    0.178953735294870594421385738283E+000    0.949045602522311657659061260846E-001
   0.307305587863128206047616478177E-003   -0.594410977584642237250013588895E-003    0.230871042237800700808201657707E+000
  -0.872701449526696611803830008249E-001    0.629668998174749894374898393087E-001   -0.173122328364100681042299995592E+000
  -0.888110484665247186902390087384E-001   -0.645562686378047258256404748259E-001   -0.177587452046720871648440792243E+000
   0.349505914065072121077651294936E-001   -0.106533004467860626170840428498E+000   -0.182367043216911418345231780457E+000
   0.107627396927927295115983412708E+000    0.808304541194858581490399525189E-003   -0.174714328396485175630427729914E+000
   0.332656512013695791330618310478E-001    0.105153128709238206675541762384E+000   -0.177818100457378451977464554705E+000
  -0.180431831328380571724007555680E+000   -0.585075691047938993684833215173E-003   -0.111093246753522713071234689142E+000
  -0.595504482738585807491819032747E-001    0.180221883713703598630575446940E+000   -0.116600814725678708564841725438E+000
  -0.229163094500114943106868105690E+000    0.732934589000395284174356751600E-001    0.545255787334155092167815569080E-003
  -0.138362195508846036824153349177E+000    0.188616184795863975748679989502E+000    0.679449538260197036987052166268E-003
  -0.567627746194326700909122255167E-001   -0.176493297844595909552749328235E+000   -0.114946185782134267329836838903E+000
  -0.235945250757974171092864616262E+000   -0.778465287800822460613028555275E-001    0.206353172142983209662055397593E-003
  -0.135673543276144308971628085382E+000   -0.188470621577835162716195313333E+000   -0.194584420129568083580193179588E-003
   0.150819265521249075536886887376E+000   -0.108519058593339895819760447307E+000   -0.115431182933696718522526501047E+000
   0.966703043615120317132192684994E-003   -0.230000447273298295751859959282E+000   -0.488922351885176255837778095931E-003
   0.141446285014256971205474943281E+000   -0.193022692268160421715499694569E+000   -0.607681711612479907251385157878E-003
   0.152091498044989843687940495229E+000    0.111862107157460634409504204377E+000   -0.116626596910062005979755594609E+000
   0.228035771987924628757048611317E+000   -0.730740603520871118774864327192E-001   -0.456695437189558391375484117088E-003
   0.232057249610684289580082474375E+000    0.764595444490639186259454117758E-001   -0.117488899925795985951478280029E-003
   0.131851929452455497609017728402E+000    0.183116810106536854620459291570E+000    0.274198791254942054313394296688E-003
  -0.103476240598188947089670735869E-002    0.232647837067100997097320319409E+000    0.581546419306390807999412225523E-003
  -0.145064512470280765873214720604E+000   -0.106774208295955168531504636476E+000    0.111280382731365222300780123533E+000
  -0.143959684551037271426889548677E+000    0.103423242329045294880700277894E+000    0.110223432631398316721004939052E+000
  -0.109346923119717862954732082704E+000   -0.945299572664624563257109653587E-003    0.177500831737886439739806086289E+000
   0.548287162773857355809448697903E-001   -0.166213914436700717009895107985E+000    0.107543902947881801142682442947E+000
  -0.329715769433398566085170155557E-001   -0.104170144504035113506030553663E+000    0.176033763847380152527183566770E+000
   0.182446150086690183237093865405E+000    0.467530448396302544721799046587E-003    0.112454907253424463961383881411E+000
   0.925352142109091071616711821968E-001   -0.669347469490725056661640219041E-001    0.183770388247602249490980594835E+000
   0.546938198667046637852415708634E-001    0.170110161222298712262447502208E+000    0.110952711638234507002647403797E+000
   0.903069406108337909886307077225E-001    0.655601088760773628588526733175E-001    0.180778722091622731167039287646E+000
  -0.368748833409202283214228640670E-001    0.112096115050561301036068861769E+000    0.192195838163113549494997961496E+000
  -0.137899114775784835401404264764E+000    0.329877552812174103398485930901E-001   -0.148014633312311939825319822808E+000
  -0.765239685566015635483413677531E-001   -0.124829270953395149904707940902E+000   -0.153761035253228728423547191691E+000
   0.940348000931841162049679862061E-001   -0.109581122514749444627258727050E+000   -0.152130152193504241627507864419E+000
   0.140256321342409688179431815362E+000    0.588961372881841869695597670869E-001   -0.159632896516671842395724985442E+000
  -0.121224216567847604853600430871E-001    0.146742563853322185525900079509E+000   -0.153639633777477812444839452896E+000
  -0.241293035744194874435823344661E+000   -0.110631877169271612092075463460E-002    0.391200375651020449955447143846E-003
  -0.708235196598854677613176067704E-001   -0.221198313020217660794264667124E+000   -0.364316220320797059323516990250E-003
   0.185290776925840917030844826662E+000   -0.133481876623348618372261510432E+000   -0.533987538548265884639962173655E-003
   0.187859051486167762374587169886E+000    0.137692384065051976200294168478E+000    0.880160376579270674759486313936E-004
  -0.756280454113069816266776740525E-001    0.229230563897280880488321169785E+000    0.682028485994391301970795510455E-003
  -0.143853951371662641906537554593E+000   -0.149121953740846720100135113505E+000    0.594684583743887405524914520779E-001
   0.100928649516748155320011199006E+000   -0.190065295612481043291908497236E+000    0.612892414420540345131493552539E-001
   0.218532036707186333822802541837E+000    0.382354134277002837871552586833E-001    0.636101201901250596305167772081E-001
   0.290755185334416240802216794755E-001    0.205746929618399750787735405813E+000    0.602906643981167746126351672723E-001
  -0.192468493797928445757398872418E+000    0.937809024772897583326905746101E-001    0.621557725512205206801812461353E-001
  -0.753331832719743419539482399805E-001   -0.559057718445983189396787466628E-001    0.187453100692882230534895879415E+000
   0.299394046437147375743236810702E-001   -0.905540199387302621028019125495E-001    0.189438619471990437360627683201E+000
   0.102049673229078543494880045187E+000   -0.908430861771886366351161577128E-004    0.203461566871513960803809835031E+000
   0.300833341740345350948129780077E-001    0.926546904233187690594880804330E-001    0.195866281865819176444198418703E+000
  -0.773454474616548511752728517829E-001    0.553615741949605026920947830346E-001    0.191510919626499412497135190187E+000
  -0.938414811523108980855886341766E-001   -0.350611040217805050160847704205E-004   -0.186906491462711408787610394320E+000
  -0.294063117440159826503348308530E-001   -0.905209576190966133042685106339E-001   -0.191012539791917245886930818730E+000
   0.743548804477031212445884060967E-001   -0.533815944717497270694148151915E-001   -0.184157761874097981190875121721E+000
   0.774015796113043807474756796278E-001    0.573576615926524258322608274429E-001   -0.192653995693580226608712069081E+000
  -0.292921757822849627627890764360E-001    0.883067216339424604070295041745E-001   -0.184907513507589197448944934775E+000
  -0.218794089327896786325217341645E+000    0.366168800287023337069806847117E-001   -0.633160753233818511180415034177E-001
  -0.102688580445033700664682106420E+000   -0.197075755768716243664087777590E+000   -0.641795301891834437452703744769E-001
   0.152644136143854911148898839687E+000   -0.155284940593847591766487181461E+000   -0.632015497775838132875293959874E-001
   0.200730960674386216262378427801E+000    0.100297332657065581189325658894E+000   -0.645721940609375175136428875321E-001
  -0.333371849157266449295162778888E-001    0.221923999895102401995301815900E+000   -0.639074524367087751820222445931E-001
  -0.197831663433576712776405826315E+000   -0.989434988056019301036282312005E-001    0.637072068064996137141555238861E-001
   0.317739318537240914708169914496E-001   -0.212003082818899648939955354229E+000    0.611000145028816362505076389062E-001
   0.216739867197606549391360184849E+000   -0.364054179784200758533391413755E-001    0.628235827737231264918213750258E-001
   0.969955266803068510007976985031E-001    0.186134376065717983042197871727E+000    0.607393459827824993381715151002E-001
  -0.142626966937241832352569039324E+000    0.144919835840153665962439378415E+000    0.591149085477249945297718007478E-001
  -0.138157666993599836098474072850E+000   -0.581141121227105162743805740232E-001    0.157266533388473745231621794981E+000
   0.119221528214343045783689929913E-001   -0.145115813935719231563141885716E+000    0.151893537961379549869763851646E+000
   0.143731207885194174931196721318E+000   -0.345227769921241093081730814052E-001    0.154424060406913963111990171572E+000
   0.732841295978935705598374477401E-001    0.119512886604798001043618391599E+000    0.147445907028228983632312231970E+000
  -0.957400521117552009203251052441E-001    0.111377747177951287551384752099E+000    0.154884381489505810707125526625E+000
  -0.141186552635766133137957106366E+000   -0.344895076600728475531882336005E-001   -0.152020552537622943694890831226E+000
  -0.108307677466458508155791732351E-001   -0.145926753743477414057751168639E+000   -0.153973581545623524970833156038E+000
   0.130222673357338271011715350603E+000   -0.527986064360103510601126725203E-001   -0.147932245121990651945407448893E+000
   0.956764315789443311301377132179E-001    0.114065749939751580574821142353E+000   -0.155848027608268969284316606130E+000
  -0.777910048035889263461955614479E-001    0.125050989875804476141688872076E+000   -0.153553577116389720470173967383E+000
  -0.220111568106176426114059331720E+000   -0.386259118637879192767572399359E-001   -0.639669978718538171244365225070E-001
  -0.294056153224112500380005439713E-001   -0.207808271740997030123424884927E+000   -0.607717121429956321655279363893E-001
   0.199091125418039381026384648900E+000   -0.971612914743549150978067854501E-001   -0.642251986190086842628944646442E-001
   0.147758060717471526259431304638E+000    0.153102708115150749346097794114E+000   -0.610184953407361023700714815065E-001
  -0.107521363822441178302220882440E+000    0.202243901145482609071879627748E+000   -0.651685321031514711045973345770E-001
  -0.194865249086256610647983610209E+000   -0.142911595020551143228531179479E+000   -0.346458487819856947903140359160E-005
   0.756006377632067834549201029639E-001   -0.229441051239378167145288386661E+000   -0.596058029010319494044290506063E-003
   0.247667069808904646505775785012E+000    0.101060669683315589441591069536E-002   -0.314264943689301321868907884481E-003
   0.691691411319565926555852068077E-001    0.216082299002219937116935553009E+000    0.441330798988989080395089595213E-003
  -0.188797734558731809547835462738E+000    0.135842787080650392348794640791E+000    0.630946508024490006848015523198E-003
  -0.927630736969048803459851310917E-001   -0.110648256984647316572732722103E+000    0.151097394358371390812836512188E+000
   0.746182178274481509938929445861E-001   -0.120160060731201645377958527853E+000    0.147483683683991584499839084100E+000
   0.144964553162075124431573692653E+000    0.353010650121259388363366684419E-001    0.156237036319725068725114068441E+000
   0.110042247041743700702049657986E-001    0.148902440504579668491355941599E+000    0.157332233429125522277198037162E+000
  -0.131718768221228861703764592276E+000    0.532581017096124121316621859405E-001    0.149654440308592038508943447778E+000
  -0.468882754171781216258355843693E-001    0.339300289731803664072699181069E-001   -0.201797093948800001361041825358E+000
  -0.477166872382190781336836969448E-001   -0.343283023210490706311621525612E-001   -0.206812266638710809098795638614E+000
   0.183608454481972842983704174773E-001   -0.562757077698407221954271913614E-001   -0.210271881538405689091480461102E+000
   0.580292866398713173934356945640E-001    0.664884389448113558923381803989E-003   -0.205463302908591623709929578895E+000
   0.173854636015163314989122731453E-001    0.557306673737180830800147316781E-001   -0.204327348640688256944979797283E+000
  -0.174774590118296754374189037748E+000    0.576530583143510937006556444120E-001   -0.107318273384512850544040661045E+000
  -0.115588792981922285867887228068E+000    0.154931014829387868221836808807E+000   -0.112584561336889933199508379423E+000
  -0.205484569151915411509132634118E+000    0.101328483202454483746777117677E+000   -0.541525054606999824095995236045E-001
  -0.161330649489431969892684055451E+000    0.162744452550866371796019399430E+000   -0.540872549451746343439759716676E-001
  -0.113330759320738986393269562318E+000   -0.154280379711011553030218272646E+000   -0.112394908794638113721594454975E+000
  -0.207291496214459838404550703180E+000   -0.104327588098845816344946286852E+000   -0.553442745349824558665741702556E-001
  -0.159115617213444078897553164783E+000   -0.163183468692632955925779185910E+000   -0.545681536727654409781159817567E-001
   0.109158720108959973834931949644E+000   -0.151526947626051958521974014453E+000   -0.110096264183608857848474311470E+000
   0.327897495148292692004362927357E-001   -0.213845432302281610412429274910E+000   -0.522222407346685209601481946160E-001
   0.106150725059966416114606272908E+000   -0.201867922775561388439720058607E+000   -0.551131492381271391710221923074E-001
   0.184328883385803605772476110908E+000    0.593764260053988600291294710753E-001   -0.113682816811466057360272428519E+000
   0.230214048940722251314087541411E+000   -0.374750991962877939018117071252E-001   -0.561519937154252955710839905053E-001
   0.229712902395901460576822855483E+000    0.395729108495820366902125319161E-001   -0.559327931981132821812130366299E-001
   0.983322964464999882487868096368E-001    0.191115826725935864050590795554E+000   -0.510263798756665465693625917051E-001
   0.316127010689826704213213592712E-001    0.218907914435618092316356319069E+000   -0.523492554281508335251916418694E-001
  -0.179334243941893862563510494957E+000   -0.578715856974943049947335371844E-001    0.110653351902368448691479856993E+000
  -0.174999092400323707404991746232E+000    0.541856892596172885855143131033E-001    0.107939869070986576814080859810E+000
  -0.155770205937513333454524840615E+000   -0.106581599764199283269088864188E-002    0.142789049043980406559994262112E+000
  -0.582253965124009933991827070919E-003   -0.186734120333415860694898689396E+000    0.108895866265871405652202424562E+000
  -0.475793505231733316327279305531E-001   -0.149572823197633858637351575740E+000    0.142918492194071142560202244186E+000
   0.172343743676606510408152109039E+000   -0.569922743154887993355438441971E-001    0.105945464518214147562193657857E+000
   0.123030070311910936342454188716E+000   -0.888318779671671144619800504005E-001    0.138009277609802767528040821621E+000
   0.106188025650952275136013041748E+000    0.144511031170213451400198085155E+000    0.105448544060337165235446837135E+000
   0.122315306513662908119865781642E+000    0.891705229982426186010895746895E-001    0.138483415840530579205862118549E+000
  -0.502917650106654161496900588485E-001    0.152695649803764646426604434963E+000    0.147792166852218175819156104963E+000
  -0.124681797340401236384169861395E+000    0.898593802948896705012313447682E-001   -0.139712027386001312084389030977E+000
  -0.125544784814352040823336188683E+000   -0.916086274814302052390070287468E-001   -0.141988140062129871445640145143E+000
   0.482952446928528664109527242126E-001   -0.146921946629163357907672236665E+000   -0.142002050047816021013581945825E+000
   0.154923081868723019267179858783E+000    0.937165373213071586528849181290E-003   -0.141977795192279028119985840077E+000
   0.468770716343734059741978710536E-001    0.147417467903236085706516114449E+000   -0.140890650850970063068329230717E+000
  -0.176317899391664991790194733830E+000   -0.594788696466790817201537107840E-001   -0.108852169973031412494718924576E+000
   0.531345003453551057815509532745E-003    0.188349602045318726635905207041E+000   -0.109823722027169650643664004314E+000
  -0.219105200628711631018084776338E+000    0.355372975810439353078095320752E-001    0.535131878400879393373644888114E-001
  -0.997816226225629145776395783075E-001    0.189532516142766348653246681545E+000    0.518617014664875389229517590733E-001
   0.205319555273271571362392237083E-002   -0.178839796138281568571075251082E+000   -0.105324560725627015374922746763E+000
  -0.221967581441391798633305212833E+000   -0.383505732932569308716467554040E-001    0.541182128199859855860365440559E-001
  -0.988346929939000061343806355320E-001   -0.192106874029333315069768983097E+000    0.513443281098478344776282175249E-001
   0.181776521283934602615613417414E+000   -0.564278765533520809749023729765E-001   -0.112067568284484541913832698163E+000
  -0.318281807683326289703202667596E-001   -0.220134646905515471070096536199E+000    0.526994231157921216576383592132E-001
   0.153135326442239888371699655643E+000   -0.154652881609465431339140204096E+000    0.514420762980563494315438489371E-001
   0.105455030118378459248939214751E+000    0.149466849843146553420522051106E+000   -0.106970447229362152835071468428E+000
   0.195539788522324212798203970237E+000   -0.965720790844140339926295894443E-001    0.516302609632709480168546112832E-001
   0.198432633602871114846459209737E+000    0.997757124516065185817329545031E-001    0.530781016192021029596074708403E-001
   0.150063413499956743034934916201E+000    0.153835665359833721407011922784E+000    0.515661933384143111968139328574E-001
  -0.328548299382395085016404537831E-001    0.213780560985384311316842512580E+000    0.523227989836100107147206307064E-001
  -0.102611499465969407406140049213E+000   -0.145480039081842605328777036618E+000    0.104114986163964654565493561980E+000
  -0.104069586592247599712017800913E+000    0.144265905930656864212985118421E+000    0.104992381083709887251430915673E+000
  -0.585920726517217696840080049600E-001   -0.794777402039225698062967602949E-003    0.207343136787693038792096709162E+000
   0.105705774449729753351457051549E+000   -0.141874435906786309329050173255E+000    0.103093248790592207972622920124E+000
  -0.175445746098466208355228955894E-001   -0.561843549958855948402038618645E-001    0.205622865746489673565382810749E+000
   0.175250703182374942909921378978E+000    0.590145276269716127413616882717E-001    0.108313805916932709799510922539E+000
   0.508958578813464267171118928008E-001   -0.370013011031393096603795171197E-001    0.219386604318301547448446750850E+000
  -0.215191994448020442791958022390E-002    0.182380154469683924139300514762E+000    0.107570197863829065939195492212E+000
   0.509895682137363412070273069360E-001    0.365967604213704096500147733344E-001    0.221338219356713097077986105003E+000
  -0.192991290218495398470259346164E-001    0.588490372285816083121894962068E-001    0.220448020435307479293309278188E+000
  -0.141840590191575279958774270737E+000   -0.322352021073750837758893867976E-003   -0.152485971669317672264984672709E+000
  -0.444768686855476843368085383537E-001   -0.137831051158686059613680650957E+000   -0.156660121656826614822011595989E+000
   0.113583939569546526709867714302E+000   -0.816657305640642578087738321353E-001   -0.151612545171297332858626873385E+000
   0.120977985686201839965914239481E+000    0.892037707208593778234638659737E-001   -0.162094184027569588836370378878E+000
  -0.458130750024021603074093980238E-001    0.138473369918713556769731554969E+000   -0.156509924711683473486236543628E+000
  -0.237382941351685190600432814843E+000   -0.208178127025973720489747371400E-001   -0.333565046683532630272051213005E-001
  -0.506759686440118034192949802647E-001   -0.219467058525707233098745470918E+000   -0.322497986956002154810802960019E-001
   0.194939510292540663620406799820E+000   -0.117083804938540978009253580067E+000   -0.326861950581923452408948001869E-001
   0.170763896266968963286942182506E+000    0.148609710871652382481194691207E+000   -0.318898338387038262272048871031E-001
  -0.942641538161605451495143195277E-001    0.221721739696581198498059633266E+000   -0.333815986831067001759647345968E-001
  -0.171602014156459020414707344875E+000   -0.149414019413849910562387445983E+000    0.321222663796450999154991581387E-001
   0.917170212471288581547294310033E-001   -0.215982611128879025680685308612E+000    0.325842541316887782278953288974E-001
   0.238792263346694907724271081410E+000    0.208224066506504401881699356132E-001    0.336489219507249546850223876861E-001
   0.496091438426228451804144436422E-001    0.214964955506809767335667268082E+000    0.316915599257508798604790271876E-001
  -0.193534470150230617152249567182E+000    0.116083275888844115770621489856E+000    0.325271295696338787773940375202E-001
  -0.854411401834045879574125450121E-001   -0.846855471774986243521150173725E-001    0.172025997802076409398157953705E+000
   0.536033114371716841812084920654E-001   -0.107452636121210989852558573882E+000    0.170968297131690854010629829897E+000
   0.125765505061176404650374903119E+000    0.183145142184167755083721587733E-001    0.181687526443319918555002301434E+000
   0.207022087204088949716000256953E-001    0.122066384501979006660888485487E+000    0.178224680160322571768735037604E+000
  -0.105048376318931814514458170686E+000    0.543079557269163684084902467074E-001    0.170262982456195658323715171366E+000
  -0.717621614046847889305646761294E-001   -0.171025846989268436764944646629E-001   -0.198561332175111223904528026906E+000
  -0.589568165117556797325487537546E-002   -0.747896996001182766531986936293E-001   -0.203778120081611733921430394787E+000
   0.668476938575075756431193597418E-001   -0.270683716688498804382563593897E-001   -0.196084093435594828818639744151E+000
   0.476421451382154629729978705738E-001    0.570803738683356255870566690454E-001   -0.200430751773984125508803813509E+000
  -0.381917381043865646615238473544E-001    0.615723969129215069093038495042E-001   -0.194123254968594541382255922620E+000
  -0.197610948899396784121854348707E+000    0.479664317972017454058414618098E-001   -0.869403244203473275779637256755E-001
  -0.109845440545235459920069397283E+000   -0.178037121754314093060715685447E+000   -0.902007811474713863770337526909E-001
   0.132252423397458240672145437038E+000   -0.155524338611349136010628689308E+000   -0.884036343697064926290891888701E-001
   0.194603651249294966837767918322E+000    0.803605528791380177215798075002E-001   -0.906476223703314366857009380895E-001
  -0.159564895741892456799940182792E-001    0.206216884794510917316355279550E+000   -0.883499885271789857586246027548E-001
  -0.213782312814684027944152800292E+000   -0.700288202562356517283264778616E-001    0.600287951699620800216167618030E-001
   0.376510674743467780937183616901E-003   -0.218385183548707557300534665058E+000    0.575763060484565681321130496813E-001
   0.208346166648915587170245132271E+000   -0.675349112904615521398184697466E-001    0.578122942257471590925757628080E-001
   0.124455302165251305342341478508E+000    0.171561556618126020830134981123E+000    0.566687123995037723553207689468E-001
  -0.121809379060147338171150901528E+000    0.167021606714659820256907785573E+000    0.556413840836811562667318187596E-001
  -0.160357983849796876536416190064E+000   -0.586039257604330772058053755238E-001    0.135440986005970792323491978827E+000
   0.579971789117080152769168421029E-002   -0.166944299146017717442097095910E+000    0.131710583381275334778864787899E+000
   0.157745783117800406541598961274E+000   -0.457330637899864476617624104317E-001    0.129640864649014021382086129753E+000
   0.898119329577627794270732301513E-001    0.132254806278005652304493184798E+000    0.127049140949833122330789349311E+000
  -0.101042795437946969167053388975E+000    0.129462634090953615920137047609E+000    0.130916341791807958769493740421E+000
  -0.131437621043192979625624042675E+000    0.612824200549285228245089354201E-001   -0.144004057772406667147368162062E+000
  -0.101909791006846456743240399534E+000   -0.108971272595202740786234603250E+000   -0.148976157455529531284204569850E+000
   0.722883601639493270144648107890E-001   -0.130246304280455737762995290250E+000   -0.149367629045010298495547500116E+000
   0.149138026498716622230031150074E+000    0.294900707486553823156272663137E-001   -0.151990610454775301539592328179E+000
   0.177782036110641378406165761899E-001    0.148349967425929433996373844344E+000   -0.148479419310773686739417244586E+000
  -0.233555891732503617527239603309E+000    0.180048335046340209964761642676E-001    0.281261790034033187530691567694E-001
  -0.871269715319116840130991031487E-001   -0.211130972082126293327033157077E+000    0.266776738121163689669864191283E-001
   0.171678775786040950603662698633E+000   -0.146424233071856465931663684248E+000    0.261271693263600417473727485475E-001
   0.196854467981968784756800283096E+000    0.120790328871650126073404905929E+000    0.273529517544751928277534620085E-001
  -0.543223451431794219281958715369E-001    0.225132695994982332759013057737E+000    0.280419380790490091286385801455E-001
  -0.122249193200966224107222777101E+000   -0.146628629232944419782061349893E+000    0.819327164271419303814154977294E-001
   0.103578312118038597053799910968E+000   -0.165149314203283770715808411542E+000    0.832422851206782837017841613123E-001
   0.196862895296980330924463061214E+000    0.492033415412607571664977495057E-001    0.871320353568739716934899215308E-001
   0.133098464138616307847430735804E-001    0.194182777822091739753044326682E+000    0.842925263655229192817423927407E-001
  -0.185355881109726328522741652632E+000    0.742472480624878675604405377674E-001    0.864434910909183799784224063435E-001
  -0.673456777186330067247874894463E-001   -0.288448556165778274030886506673E-001    0.198047904898187507505911676682E+000
   0.636913670270801617413887867628E-002   -0.742761640530482289930529211428E-001    0.199742966019789935529292093556E+000
   0.780790813748620193936270566039E-001   -0.189014666468014157003827280236E-001    0.215758068026207906516675028734E+000
   0.405744314021099564648334670835E-001    0.658195222436794059960194374225E-001    0.209837189702016328825309080842E+000
  -0.501307878069578098035167697963E-001    0.579898854040351132831032988611E-001    0.208881151315703350268023844390E+000
  -0.159007925525565481540019909707E+000   -0.469696413733109308766413927805E-001   -0.131091259149127208941025647182E+000
  -0.435163197094702146722660289118E-002   -0.163999725788979347600830330648E+000   -0.130501958229825518759918221372E+000
   0.156281837952636775407552760890E+000   -0.549995034785158562007657275290E-001   -0.131810025760087620916205536905E+000
   0.101343034096886192224986810277E+000    0.132881338409649394447380570733E+000   -0.132161885018865285560199996902E+000
  -0.969442946853355926542068337994E-001    0.140673343665696342398729521480E+000   -0.134592189812789752826436933153E+000
  -0.216680816487267875730655343632E+000   -0.720126058859475349658767091791E-001   -0.605211496836486064741194958234E-001
   0.139756490472365358965417017996E-002   -0.209636856032489442366635982652E+000   -0.562243466748419281686289318494E-001
   0.217232815058431336258380676695E+000   -0.688195461569405194219281036198E-001   -0.610802373191018909970739051406E-001
   0.123285694366165667043396519697E+000    0.172499745218143389676284146403E+000   -0.561383159292362320974524089788E-001
  -0.136147878662037030810977159234E+000    0.184508023433674130454592298457E+000   -0.602914295692079601007825464163E-001
  -0.179367845856349575711864735267E+000   -0.155500500422842559477920635001E+000   -0.281198500959468603112598393014E-001
   0.933795492905781424187747999152E-001   -0.220848125123268929924879547460E+000   -0.289590920656817691211505096888E-001
   0.243539515769402988621860884888E+000    0.210384868981515680398419738538E-001   -0.291756326733843964194964101450E-001
   0.511889780675487730441216052343E-001    0.220862797918819289070863836801E+000   -0.263322366957379909004939090802E-001
  -0.202055828524724379448578109150E+000    0.121682072787351192915822336542E+000   -0.272662509469963475053432958059E-001
  -0.704423331972391293825495081229E-001   -0.130134647577540696832022333909E+000    0.147238655383171227782727240587E+000
   0.995680166072746279459269010258E-001   -0.105362138148994359919934081966E+000    0.143897599071697136601401011060E+000
   0.134892772590468441486121357525E+000    0.636597907463843851355618822681E-001    0.148834996328728209506040796914E+000
  -0.199620682508768289575501102425E-001    0.154052715061771552410537331252E+000    0.155874679186022317868277091159E+000
  -0.144200639591821298188121483410E+000    0.265280229232594848090046915769E-001    0.146871894838486231141454740410E+000
  -0.117427568844077739435869692719E+000    0.168349776823062462604094796092E-001   -0.169189185917211819835787271787E+000
  -0.532183713101635816802910782062E-001   -0.108109227587685859771870487975E+000   -0.172961356984323088015275812981E+000
   0.845682997245988087970703346792E-001   -0.816590174382993131471003766537E-001   -0.169241560112201090876741335185E+000
   0.110034793178212166023903496035E+000    0.589620162614090628418527466975E-001   -0.178895995126975747365547402594E+000
  -0.210902343169148464352297868467E-001    0.118606844692522591028827049405E+000   -0.171641810456383384907688407299E+000
  -0.235998320427795871820368839593E+000    0.186707005430029524959301890351E-001   -0.330466576345968932878684530950E-001
  -0.881869897796636066530382204236E-001   -0.212482667602717245862451564873E+000   -0.328585775778539802583329548459E-001
   0.171887898972248698243380512837E+000   -0.146967960670947211985513830296E+000   -0.325446112435400163966751362277E-001
   0.198820108092776326576089360549E+000    0.121796381408660109641366505487E+000   -0.329537016065443948048709148225E-001
  -0.557801428792834581099558574000E-001    0.232417494202991531686604683464E+000   -0.331442749234800377433993458277E-001
  -0.172234874723769102209448809867E+000   -0.126529817032454818525878975276E+000    0.623424712356486053338107140312E-001
   0.669513797144115942927451789006E-001   -0.203077319664290280812271041554E+000    0.618095924594275928370515931621E-001
   0.221415881314896344697807192437E+000    0.747507060678550677852012558580E-003    0.643132611995095565068873826366E-001
   0.636662897455334548123570014126E-001    0.198476916608408916764653541887E+000    0.612812860862001162868994259306E-001
  -0.168357346066735660248816030021E+000    0.121050354847446417632463601509E+000    0.611223527498979192123215444596E-001
  -0.107708362412402230134265341000E+000   -0.578078936882651080260337471754E-001    0.175108758421177738041908306215E+000
   0.209596694300745903724615436264E-001   -0.118310691823919810333385536192E+000    0.171120812588984922773947362767E+000
   0.125883022089486258372026360667E+000   -0.181835514425131704534893087151E-001    0.181544824200414212215524861695E+000
   0.525926957788739118639877664773E-001    0.106828621288388702290469696645E+000    0.171194903410924314560069158965E+000
  -0.878660233021707133852298219967E-001    0.846621956997201282932659845486E-001    0.175814601215102642790044768878E+000
  -0.710401836579443184333750754285E-001    0.170665858653629614373749256355E-001   -0.196077083728205773891498528231E+000
  -0.389235726445720670695414305593E-001   -0.631734192790376230599477175500E-001   -0.200931219035814191783443709483E+000
   0.479880225511058098341081693987E-001   -0.556956847868643334981113066484E-001   -0.200097193844701759867925044264E+000
   0.681648046668030177599956344488E-001    0.290955146482411723773188159302E-001   -0.200535959740385853735760233702E+000
  -0.629252189663835961958314528837E-002    0.726132939114603210024575975457E-001   -0.195514673645888677925516445762E+000
  -0.214811376884206137847402609822E+000    0.694866883395428091784700199198E-001   -0.595029363075761823587926226727E-001
  -0.132247115927838197123342052934E+000   -0.182350259241924848190195588988E+000   -0.601013722573549647294096151512E-001
   0.131368055873361239938770602913E+000   -0.180336544081653835644423313320E+000   -0.599447067487504968497283402907E-001
   0.217776792893593596298142535755E+000    0.712311153114596270159608701095E-001   -0.610792848393598656923571484708E-001
  -0.440372002191878603963372140217E-003    0.222465016496110434427282387629E+000   -0.585977808707044284812928139724E-001
  -0.189002382137785476879801685550E+000   -0.781464753508233743973482709618E-001    0.880977355087140177902569594381E-001
   0.153622367792975328475662790010E-001   -0.199370815772307888574866433050E+000    0.854496273249314903403298699427E-001
   0.194379041481006535596099336845E+000   -0.473180052865296764516473009561E-001    0.856284150244285188788595177455E-001
   0.102898736812848981160740718008E+000    0.166746282836515829472119726667E+000    0.846245268932802247730587859635E-001
  -0.122819304431744635112619974943E+000    0.144248620534255393296807917973E+000    0.821450853246874554548002234938E-001
  -0.149418226991506861489759870963E+000   -0.296580242849727729420912899983E-001    0.152305261158676747265131719833E+000
  -0.179977166805741689971425863033E-001   -0.149835769006026986169164034983E+000    0.149928900144874933736749597846E+000
   0.134348040913302709885279637604E+000   -0.627907791996355276149101887421E-001    0.147342047497208316101487373976E+000
   0.977229023378582078023082292650E-001    0.104431964220805280392127051882E+000    0.143020353510029785616742818873E+000
  -0.745111027780611796554707849888E-001    0.134023209707857157734496262138E+000    0.153930334341312110968301776319E+000
  -0.155807198637890684843437031308E+000    0.450321130201494339005552490736E-001   -0.127916211978612371760246112640E+000
  -0.952653205048998704593346329993E-001   -0.140327540582103205025623034633E+000   -0.134593069216633585989483041315E+000
   0.102427123092957487000295316770E+000   -0.131433111088650229645086238533E+000   -0.132696289362406579968791071854E+000
   0.163461672868106689704739078317E+000    0.596341161183070525642735587762E-001   -0.138023176383468720378843898386E+000
  -0.592306868002734539584536861508E-002    0.168747347456320643182110568178E+000   -0.133144424973673559751805852641E+000
  -0.235369457105393274440644932480E+000   -0.204494082387564910438101219862E-001    0.282750264062870555785957975616E-001
  -0.518953150801182822092632636553E-001   -0.223791264419816811213942156334E+000    0.267533180133889486710120555617E-001
   0.193246643976132889717226469206E+000   -0.116530914938950660575768399200E+000    0.261692508769275221157360026567E-001
   0.170595989586061567054633990134E+000    0.147822740540743130954446144581E+000    0.268373634844760286517222006641E-001
  -0.902015661385861740293306076123E-001    0.213080278313172664408563909080E+000    0.280411605441024714798241020779E-001
  -0.121502689976756473624742408773E+000   -0.170049748519040057165925775295E+000    0.553866512016983555169112580702E-001
   0.128860636256244582241506410259E+000   -0.174826569708372871021068761212E+000    0.571724565682100420687257871698E-001
   0.211184847342578337941673736354E+000    0.700824535223290130324702550625E-001    0.590866649476491002314306019719E-001
  -0.146272115804428152140847888501E-002    0.210848700387992089294753381956E+000    0.566690913244136180557832747706E-001
  -0.208967614640420544943315676869E+000    0.660625145576958343540272886754E-001    0.588253746762740379341712074837E-001
  -0.467681938308554783135343881992E-001   -0.560891065195120562641341664840E-001    0.196605810262085902481974571994E+000
   0.403709422202558424768938437201E-001   -0.653059054136699817696635423613E-001    0.205581931658095746782815373060E+000
   0.777506305619520122840696797582E-001    0.184149453338685546549677163905E-001    0.215382573108813713815820805936E+000
   0.610511243725824034248277481923E-002    0.780474860712496080073035914817E-001    0.213086967766213780111257111768E+000
  -0.686676965739386594191833728800E-001    0.276571532271312997348073346622E-001    0.201343404662796193686229581217E+000
  -0.134591778827358759574729959931E+000   -0.636147029930216450649522777228E-001   -0.148355007761826655087799461909E+000
   0.190590236834939849991642733482E-001   -0.147628129769370113011240656015E+000   -0.149167374637719919364810915193E+000
   0.142541056678430785297792896124E+000   -0.263558375872174673337961946996E-001   -0.145152629117284910798035975599E+000
   0.710357478747987603431557333958E-001    0.131210860256543790269438459249E+000   -0.148510141836069473837662539700E+000
  -0.102489257089605129739476582407E+000    0.108267856103396942164510612617E+000   -0.147949777301395551191706408214E+000
  -0.198600054509570342872242904003E+000   -0.497475254728483880266781843431E-001   -0.877894027864427737008802547027E-001
  -0.133115094735321104612534755574E-001   -0.193513957947889073385999193880E+000   -0.838626400368413062952517905615E-001
   0.194069844547037584169002494635E+000   -0.778872315264921577481752167393E-001   -0.904458955847563133172335545347E-001
   0.126918256850474885701363858227E+000    0.152171431869748894955101168598E+000   -0.850123999705589482245393411734E-001
  -0.113049950344731881996679594640E+000    0.180028632958385124346437461353E+000   -0.907170698548956698939539546845E-001
  -0.206690411935757212948387592239E+000   -0.126917044431349843239478070468E+000   -0.286233184221959191961876294872E-001
   0.546179420508796168462171142415E-001   -0.226714849468879503983926861701E+000   -0.281370756556077105015930214266E-001
   0.243445582930913758190945558688E+000   -0.188978263831284478089251676103E-001   -0.292360011499406691446917855110E-001
   0.855131240947224179280907539856E-001    0.207232421584228504453458141651E+000   -0.261150980237056808411485827432E-001
  -0.177796220065832445227599831319E+000    0.151467381040757682483356000248E+000   -0.269617421372885353452816925502E-001
  -0.983963310193269676894158109264E-001   -0.129066898747045265794941328354E+000    0.128331971700067773635450045139E+000
   0.899337114493039012896723167034E-001   -0.130698033022993996353353784304E+000    0.125017250961291916702511434078E+000
   0.160404934761074989097371957123E+000    0.472748295738638401307806674236E-001    0.132376044627028946125889304487E+000
   0.439721765677036349353559721500E-002    0.167730713249381599406049364062E+000    0.133657568976427617903718509487E+000
  -0.154036158832926527495134932069E+000    0.540669638010394864146197563699E-001    0.129954626593589274018469014946E+000
  -0.119019077495568166629905020042E+000   -0.174443365549337766847697964181E-001   -0.171778583680717399765879489034E+000
  -0.204124965331900505945899066920E-001   -0.120152817682776673817345176755E+000   -0.175166368118720725902757176165E+000
   0.101822791178140485167043399639E+000   -0.527906286377053222558509108615E-001   -0.165039535760494329991859668245E+000
   0.882745847513643486391818477934E-001    0.874248087898030206543536154722E-001   -0.177757947617474104544580783451E+000
  -0.536652452510819065540622443584E-001    0.107340823270613696782483671022E+000   -0.170900766893989371207122601072E+000
  -0.221002759363486584431919773814E+000   -0.869343217239440009314435713357E-003   -0.640908736625180137296495276936E-001
  -0.661681885304813173971853665985E-001   -0.206224241163406501636248434516E+000   -0.635465856890601465582587862364E-001
   0.176137325526347326272559991830E+000   -0.126811907539641154714889223628E+000   -0.638794962523663061363926648491E-001
   0.176077964807978291684178389610E+000    0.129269795406758795955381649678E+000   -0.636668597965161695650118950951E-001
  -0.714034414979648812703699007078E-001    0.216278075500192437290069442334E+000   -0.657772347252945918641550189355E-001
  -0.201227151236866210512054675696E+000   -0.123360654675858098739712058442E+000    0.334300337323053460990736391726E-001
   0.538510632950612762861129819379E-001   -0.224730839106389156048566720777E+000    0.321155485233925011671613832629E-001
   0.237935416482705656618175405749E+000   -0.189524784461497536257898576900E-001    0.334123686534286084278801188895E-001
   0.847108440859957710396827912152E-001    0.204118376430819229919598368899E+000    0.316683896848637270522780215767E-001
  -0.167124262028237691675149689789E+000    0.142725856427751359566418578256E+000    0.317172190873614768896667314646E-001
  -0.117000427932992163239041364416E+000   -0.863517328968547380289610438049E-001    0.156775691843872059592723487225E+000
   0.441710438248413480959744976294E-001   -0.133798169752410428452579603663E+000    0.151173260373285502011864918814E+000
   0.148132382426584170652717354458E+000    0.210465183184196682639640662904E-003    0.159399745672919978202762441791E+000
   0.436662352534584375761174595452E-001    0.135368734908488978880990377235E+000    0.154086146997027632155930151296E+000
  -0.114947060415737227358653031868E+000    0.824809917757663376668687142444E-001    0.153443479508198792420489698814E+000
  -0.483236587577581400154269528399E-001    0.212302673790363317025696308425E-003   -0.208710096740305473028106682133E+000
  -0.152870200470650113102295171500E-001   -0.462643379810993027245480460836E-001   -0.213376263253108478864584281966E+000
   0.390506153298897718637907787515E-001   -0.279300130523349944534642993578E-001   -0.211244128210398565094457704731E+000
   0.386762897928943170737153152863E-001    0.290251212250247752832016495443E-001   -0.210418726827489685103864073439E+000
  -0.151869692701806501840387863458E-001    0.454814356209096159833418509276E-001   -0.206306676702994083514919396170E+000
  -0.192889529731105813184004247003E+000    0.798624696349824926076120085124E-001   -0.835907432675517157685156014969E-001
  -0.137352820755340771425795925007E+000   -0.160657349113222265607797119419E+000   -0.853523454924222255337480367967E-001
   0.108265803226563365642949587913E+000   -0.176602614603756271379227421989E+000   -0.841192943044229044778562937080E-001
   0.207576618263402553570504993321E+000    0.501106205540108301573447394531E-001   -0.862880273954244980806382430036E-001
   0.159461127249401214401750840385E-001    0.205851279314018629180757092771E+000   -0.827044293743049099863555697477E-001
  -0.200723208142892852934387914817E+000   -0.485643374860558122361233165933E-001    0.835009736466671367183424417935E-001
  -0.160060783328903321575893547138E-001   -0.206025024292615927811245167377E+000    0.828108129891663833361536852838E-001
   0.185514392778915185400455044574E+000   -0.769529070465212617649869685096E-001    0.805030639903827247641387583740E-001
   0.128828038075653900862566243512E+000    0.150629996841023514660617441981E+000    0.801722887848710575530917504222E-001
  -0.101248686425949767895811926505E+000    0.164948336814461744728284663141E+000    0.787084577873434949582890407901E-001
  -0.170079878005903902012985965201E+000   -0.294639545728646963540351541239E-001    0.129057884215174100904106154770E+000
  -0.248354575241155414834215804201E-001   -0.171728311910525527703882373053E+000    0.128871381677170615933735848361E+000
   0.148410490977308777317538297848E+000   -0.736149963649779258423270611093E-001    0.123023084766408441095546799744E+000
   0.114406192671757588405515989001E+000    0.116746771978613042089827029662E+000    0.122186385361933877503508055555E+000
  -0.787515275900619940191393944357E-001    0.149931896671160217002980999081E+000    0.127125959229514055508786280292E+000
  -0.150284728648599046571823895835E+000    0.743923701566603776152499534677E-001   -0.124443206404207053689894814235E+000
  -0.120534909164345299940567681233E+000   -0.123068963851110956821325932692E+000   -0.128581910898334154232119635075E+000
   0.786396305565817320521777514412E-001   -0.149949084259457540592389131450E+000   -0.126949630655212564344390142051E+000
   0.172160496012313790843668337370E+000    0.297098403404382318380062612414E-001   -0.130592734186772284451959867845E+000
   0.243600317382458197042076203065E-001    0.168702846170327778886815115647E+000   -0.126607407794769643453856834085E+000
  -0.221547015894601817280503555095E+000   -0.114507922813580880476146529881E-002    0.540624859992218725348075143155E-001
  -0.672948866776252759577227028828E-001   -0.210542680460025103661541994162E+000    0.531796413173890305007126069575E-001
   0.174870511501132146036442434661E+000   -0.126045672558459614801193354699E+000    0.517004408932736498614019093904E-001
   0.175330094344763462570807067188E+000    0.128328829539040343911968889549E+000    0.527538232160835860368434598816E-001
  -0.679628582592975571515406769483E-001    0.206092768743874705092646175683E+000    0.532513778739542571903459455131E-001
  -0.101156042552759939016309416634E+000   -0.168536754297338274188476055947E+000    0.789883811268612286734991951304E-001
   0.130095537504834995520341778576E+000   -0.149964131151776031574727947926E+000    0.794565092531640995768626987616E-001
   0.187805690729772862526961552381E+000    0.793102369664990964712384984298E-001    0.821565493263875179652207099686E-001
  -0.170488178866385676279551487687E-001    0.196844275944284186670651381660E+000    0.802880840772994034438069130123E-001
  -0.197808058280318063062370979078E+000    0.455489088861951558230803022620E-001    0.823367628145422679065437852094E-001
  -0.387567157166645509286619526722E-001   -0.291669750763020970255712395490E-001    0.210637371172391160802326199978E+000
   0.158756549855497181040890885533E-001   -0.478425223086882989714837574186E-001    0.216530842038495310959608209710E+000
   0.526252104231454848603034424131E-001   -0.360583091511836180391155459715E-003    0.227631721771207515418562678683E+000
   0.160928892624325245603439753211E-001    0.487506527799703507093197116663E-001    0.225517997815510481386356247056E+000
  -0.404076680367711547851831767987E-001    0.287342331920262467753712587832E-001    0.218364376917700023711630715061E+000
  -0.152015028918358101920652795691E+000   -0.764309850558397233850898383808E-001   -0.126773266989030921451619980161E+000
   0.252154623035452215413832737078E-001   -0.164113656120872333207238040441E+000   -0.124421890762921706106832871342E+000
   0.168320402926228710073401959449E+000   -0.270814531026232681907609996540E-001   -0.127625025818581684749928313719E+000
   0.766246790890207453643716454993E-001    0.149694322576141624869954150542E+000   -0.125089738774165852241370677944E+000
  -0.121943786017611592407679942501E+000    0.122841434613488631681738002874E+000   -0.128378783140395786984141525249E+000
  -0.192882349650762228119794743183E+000   -0.815553144474673997370139243610E-001   -0.842651384176170192536675421991E-001
   0.167905229927375920707255342998E-001   -0.194628396383381685039618430112E+000   -0.792484848269575811823274929002E-001
   0.208117394680329044331163393386E+000   -0.480628591722589809404422516491E-001   -0.865634595428398180387081504613E-001
   0.102421213625769257864417529237E+000    0.170614339160241497497933047727E+000   -0.799335926174992307216098037256E-001
  -0.140487137782927608453379300435E+000    0.161747108997376940828284514006E+000   -0.856779896144320903463180845035E-001
  -0.185174165893251371883322866410E+000   -0.135618784598139814706327759309E+000   -0.556097751363344958117188326530E-001
   0.699560399421092192143716867445E-001   -0.212434968614171195684104737941E+000   -0.547701927144834848371637910929E-001
   0.233367293641511955205613899057E+000    0.107960779124316874929312767886E-002   -0.568724266689088430875152745546E-001
   0.661803558072958384896968978427E-001    0.207107167224927392944133222330E+000   -0.522573131299682050994521696223E-001
  -0.185242691492023975367828678844E+000    0.133353077929960018118524732509E+000   -0.546611526925023397212615508519E-001
  -0.766216673591509856044277481252E-001   -0.149702442281438888247576992147E+000    0.125079499642767359714083734641E+000
   0.114785541251520410646147972632E+000   -0.115805288044186667166127014592E+000    0.120983809814497470976563684699E+000
   0.150158255690968318761696938852E+000    0.754026327636921792608305047874E-001    0.125356994295532028047922629172E+000
  -0.261803581532276152767691644674E-001    0.169896354701574091422928752745E+000    0.128989133063023995972862511208E+000
  -0.165866958760518576613292349650E+000    0.265551290282769483556671242473E-001    0.125808130299183428448605134533E+000
  -0.113493863556587186533923167753E+000    0.484356890545161790609832856471E-001   -0.161998571580106356373641440457E+000
  -0.830592793110680028187684730314E-001   -0.948299339114649208139339678649E-001   -0.166456458909324872293500580663E+000
   0.652540440049460083513954241132E-001   -0.108838667697854668607726259753E+000   -0.168279633148707853878231877481E+000
   0.125134862554519009040588071130E+000    0.292240887543517155036777050903E-001   -0.169860757517778452923794592260E+000
   0.108095012412024162174706289923E-001    0.126315185302730388324543139981E+000   -0.166546148618678043806839047257E+000
  -0.237937709317205036255309703096E+000    0.365642420407471751856275505447E-001    0.473250666740360512027839879548E-003
  -0.104699045968339113974248185294E+000   -0.207706025904126801920970456169E+000   -0.283969168280370645873549324447E-003
   0.164483288022648918092161494245E+000   -0.163155032548454219428534024396E+000   -0.572229709995313229997895009867E-003
   0.212739790471075369498841230668E+000    0.109511364436558696741814112308E+000   -0.131578475601473069068575012338E-004
  -0.383041015429785355571547335479E-001    0.235016772485490944681294684538E+000    0.641156787304133806517706263225E-003
  -0.144128765627571839559238202870E+000   -0.127460858194850860559362735432E+000    0.854081988489921006183693750329E-001
   0.766271795149615527572158602153E-001   -0.177015982780791326188075406154E+000    0.851105546728929318345290211552E-001
   0.200892556684488241021187307479E+000    0.187521038819714852659302490527E-001    0.894143556818197201069021986958E-001
   0.424032115589426711723998626599E-001    0.189179563161899207123258601851E+000    0.866687102999459041003985042890E-001
  -0.168075913556433153272213033100E+000    0.991504787048123860882464107849E-001    0.873234955119745225717800693737E-001
  -0.942304789035814403917066416647E-001   -0.289167827996832002656442477262E-001    0.186107250019784013216944772075E+000
  -0.190075252495850604052707972844E-002   -0.982626039774380203867462057341E-001    0.184196513974385103940191695795E+000
   0.995121055935987058651980444226E-001   -0.351872438811928595553955292820E-001    0.198020972496008130219358781988E+000
   0.607648352160891331945140979150E-001    0.790780018013081737753833295711E-001    0.188614035586221023003314960480E+000
  -0.589392815133833910997801460255E-001    0.848295581460147377154126142189E-001    0.196135317989006416579821386725E+000
  -0.912937069826402727658170527888E-001    0.321438194867652149766305015167E-001   -0.181477459111806034241522152765E+000
  -0.598836233540700602755012442596E-001   -0.779814010788956713843317368006E-001   -0.185620499242119228577088366899E+000
   0.560759042720808687630224903078E-001   -0.809077715695242534888522708212E-001   -0.186704697587904664391291390968E+000
   0.950272006881013665895439060333E-001    0.290544495997263997029885506371E-001   -0.187705433732882380062511824631E+000
   0.183891092370329243554813920995E-002    0.978365027734606354707735967646E-001   -0.183542936909883670393677498394E+000
  -0.230597298933305991484919717425E+000    0.562119059094744038913548499734E-001   -0.330209329677703084775597016246E-001
  -0.122071958635737617419482267084E+000   -0.197510744303626348189174782704E+000   -0.330419685400560231152621631605E-001
   0.149715638956256786706433740152E+000   -0.176616622541253067064784906665E+000   -0.333084408914775367127948022238E-001
   0.220794232094184843107164388940E+000    0.906001175626061641579997271973E-001   -0.338026812745764384208858096046E-001
  -0.176120469688237768604272571679E-001    0.233264965494201707585666634505E+000   -0.324466463328849600899107713248E-001
  -0.170701166376878789994533786462E+000   -0.103237894015058532948408375937E+000    0.886733159144524553538800785249E-001
   0.440982152842448341265630848574E-001   -0.189574870865500216380330636021E+000    0.859048902587467488263034244429E-001
   0.199678302037198081064652266037E+000   -0.174306802464487333191446106769E-001    0.887214426634738906567075814392E-001
   0.759749406776453178749486330170E-001    0.179229256981108211881411684357E+000    0.869360429803686935823315411591E-001
  -0.143766307659839680566761248961E+000    0.124426983268549280555398391492E+000    0.851310793768916343933653215952E-001
  -0.125426755246409257274294025362E+000   -0.294028171277691236530203703390E-001    0.170267088685679895445470493246E+000
  -0.108743635968226277311027849725E-001   -0.126541238053427706294039426159E+000    0.166767479074979508322298615302E+000
   0.120056309890596502676639202220E+000   -0.513881214599431716938753494704E-001    0.171536755605808252081698047621E+000
   0.813123849421987404816119471925E-001    0.927765531429577022782064256223E-001    0.163152124323225832437924219091E+000
  -0.683486277935686092896992905057E-001    0.113778065933155327233197301798E+000    0.176200317957509735637558085848E+000
  -0.161876825924773170975590353569E+000   -0.177247927469314725435460684288E-001   -0.132567518531222996091834022694E+000
  -0.336467211859140012870608441825E-001   -0.161749034636886483526530070753E+000   -0.135339197679628961207777902593E+000
   0.142526645995744136307163431325E+000   -0.810336074818491448835454002862E-001   -0.134476249997293484143079767360E+000
   0.125140171518091947715465844343E+000    0.114506353823956779911367046819E+000   -0.138367309025665083090401823255E+000
  -0.699829709000889029167967989208E-001    0.154438476570604090622685790064E+000   -0.137672510985484102028985357303E+000
  -0.234303413524374768366521877673E+000   -0.592357228408864579165874909387E-001   -0.338941525308088865900750431781E-001
  -0.147865917977813730399260252735E-001   -0.221286889900197634510432009337E+000   -0.317865482963758511787334782317E-001
   0.217144617321932635088758445635E+000   -0.868830710512448615453515790559E-001   -0.335332842164747341246010354543E-001
   0.142101327055562933485682799056E+000    0.170631978272844543262495713742E+000   -0.311534547257440872687245352340E-001
  -0.127016833474445181592010850592E+000    0.201621336227472308468032498903E+000   -0.329728595080940944015310631696E-001
  -0.165442322326850130004546511942E+000   -0.166913763654143199168356489899E+000   -0.101594557015645397395883964928E-003
   0.111694997906763435240536745135E+000   -0.217004580504768436977261936460E+000   -0.619797934048993767756319830586E-003
   0.243907431264894220077808682186E+000    0.396570644058471279383971481648E-001   -0.219626310786330041638679219794E-003
   0.347796215961039023204936335262E-001    0.226030943102910658647851801858E+000    0.514247611133193390500951884229E-003
  -0.212133385735023994435012440630E+000    0.106857148294444109197216084468E+000    0.597963639307322907434045297965E-003
  -0.634206285215072950696666578942E-001   -0.108563923514041651835031591031E+000    0.165400799235375518969408606931E+000
   0.838245422091589257529291982687E-001   -0.948787847519420838774317645889E-001    0.166106342562196740390178880788E+000
   0.119184696785568873114435323715E+000    0.513236625016966520738831738203E-001    0.171162665068624240619214788702E+000
  -0.127344948869342136009734173651E-001    0.133644233419870010104856125335E+000    0.178137131528520054919077383513E+000
  -0.121296538779023556068397893116E+000    0.264485733442328988280329877012E-001    0.164465353480389185987395317904E+000
  -0.244728706605022744236636450559E-001    0.178066210114882246786132319497E-001   -0.213393739160699624934191098008E+000
  -0.246740774270923751108908101029E-001   -0.174010967082913312595878075349E-001   -0.216572295189205170285924552156E+000
   0.917864730268083817999234016491E-002   -0.284436379881119213367553209988E-001   -0.218406497867402515622683632907E+000
   0.297877527948327504430155966145E-001    0.567835324896305625174051746454E-003   -0.216322910713695297706217909677E+000
   0.876370556881185707767139174724E-002    0.288674201237873166569051654940E-001   -0.214258906836693585098187511765E+000
  -0.169599203387705106303037132630E+000    0.870435337587719655969167377778E-001   -0.103983763363707572702326640708E+000
  -0.139873945605318164758055603420E+000    0.136784352016280393616139487150E+000   -0.106649385761595924154208921910E+000
  -0.184814450107814717764472523521E+000    0.110204588600763787469170160245E+000   -0.779698404296359130791981885102E-001
  -0.164303299692923040573266794097E+000    0.141342407837069396929219749699E+000   -0.784946051403983745197210558523E-001
  -0.137355382749244628129109513474E+000   -0.136296669415218989731799058585E+000   -0.106253681403538407000468208139E+000
  -0.183542501317654959999103385027E+000   -0.111371016067535810268473961858E+000   -0.783494365814304832594219516657E-001
  -0.161635339429846892733395850040E+000   -0.141258935906229890809129119764E+000   -0.784519872008423304500222699524E-001
   0.850757248813036799602866158782E-001   -0.168196445458359399136101216875E+000   -0.104030418265114591047487625513E+000
   0.467359396749480067960909018138E-001   -0.198241638865874291906823085099E+000   -0.749340811742342680807331882946E-001
   0.825850443631268628934986542719E-001   -0.192893123345864271715021270666E+000   -0.772294816225187852606909592190E-001
   0.193272568869710646946008890187E+000    0.303249575832703173232831706733E-001   -0.107604964376369452886347986037E+000
   0.217646170490920056998117417840E+000   -0.177995184390674201678404968159E-001   -0.801399433902238393678736798074E-001
   0.217024844771109868244238791627E+000    0.198873709073123722721138782269E-001   -0.798839546061980119342991729116E-001
   0.786271467387937305473594688448E-001    0.188359130611034183470987437786E+000   -0.741785899114695315848861636329E-001
   0.457977472588301178937085590894E-001    0.202303280777125512193928779994E+000   -0.752971634298115988066748327216E-001
  -0.187400999047300692012074609638E+000   -0.295166870532954969170365076084E-001    0.104390105469271848630027158317E+000
  -0.184816488120715700913780100388E+000    0.268751348521154260047898167883E-001    0.102945467060281023640691434526E+000
  -0.174758819891110435059983929104E+000   -0.109634515467461255320997847238E-002    0.120480324788777941737457055953E+000
  -0.304874222437174431809392978456E-001   -0.190467979907823362007030644080E+000    0.105340728586266946007551938498E+000
  -0.538851907050852891929004770218E-001   -0.169123393925232201149110656174E+000    0.121505723756967260802383162582E+000
   0.163314293949314517509967971122E+000   -0.839674560536403394923224631782E-001    0.100248769060508749043960137547E+000
   0.137204296923816573143210109392E+000   -0.990084688553197924744644807351E-001    0.115667215234703008527271599559E+000
   0.129741979757157184637220074171E+000    0.128675906632620575832745619575E+000    0.100490222685837734357383819034E+000
   0.137552186935362641685062378048E+000    0.100413775319120068223212411790E+000    0.117153844548234315724748990946E+000
  -0.547568638909655779100348319767E-001    0.166181818099967644910218468516E+000    0.120989331204319711489901069463E+000
  -0.106173491278295395614474798663E+000    0.765562390317573877381219179945E-001   -0.157125219355800999720024847166E+000
  -0.107700078600553152661568575652E+000   -0.784620360438224552208474295250E-001   -0.160751157449725498700357808176E+000
   0.421401709260706649416818067234E-001   -0.128299549768961608165471024352E+000   -0.163744145929013899111457887219E+000
   0.131313683591525232047538819368E+000    0.874245447091666514250378210200E-003   -0.158927004319182096657846884999E+000
   0.404418675059713687495127102898E-001    0.127452701407137476881136964286E+000   -0.160826968616374026516442871855E+000
  -0.180075896559172638571848654017E+000   -0.300594743902397544473338059775E-001   -0.111020727509027287468365485159E+000
  -0.294969472053405023082923871099E-001    0.186282866005311348390767508124E+000   -0.114375555667073864895314681203E+000
  -0.228058662425913572052940432067E+000    0.548982037696554869005711931785E-001    0.282247312987898144705206439941E-001
  -0.120211779829750366654771859347E+000    0.191826049409464674202519869424E+000    0.274241242856352516719378365793E-001
  -0.268112821578325476208218042624E-001   -0.178945757165388489923625637394E+000   -0.110790359048030771472684747095E+000
  -0.233415129507283050114431439606E+000   -0.585871810134160282522131303133E-001    0.286823051305413301576886504505E-001
  -0.117806265292746825806983048627E+000   -0.191901157469834512017691068792E+000    0.263680163151854088975960712939E-001
   0.167871495485742241455471459352E+000   -0.834199115852353860704328258778E-001   -0.114886655833590574720780506655E+000
  -0.157031111099070502612006312845E-001   -0.228271208330207028482883894200E+000    0.265624678543929351970696545764E-001
   0.149710157228848792119159020454E+000   -0.175795856718062474615404856859E+000    0.266932430412325912431453906167E-001
   0.129239599766783856904162479308E+000    0.132124509309153839220698092809E+000   -0.112561715877161790112582541200E+000
   0.214128354884024679945736807452E+000   -0.863727815227951339276967822884E-001    0.268097315411649551035605711632E-001
   0.218607736301676977819071349955E+000    0.901331495110259054475976138108E-001    0.278794699858632051079328028943E-001
   0.143257164261955364827972314577E+000    0.170954924092035801719391746352E+000    0.265960229872461130998578539897E-001
  -0.175983909763298193429805426975E-001    0.226869991064892314460199555886E+000    0.274959163158840391807505744126E-001
  -0.123284614677675056553550965998E+000   -0.126101283695148692975454309070E+000    0.107411707058865014177545525402E+000
  -0.124498935863742687095852231341E+000    0.124539131905350871161069918099E+000    0.108104706468604148124842005028E+000
  -0.843607254272397762118422280482E-001   -0.871019390556382344300421997300E-003    0.192114441220389688427381490179E+000
   0.805492532404328238033758980088E-001   -0.154489578699193486408504031949E+000    0.105632631578686971269678190127E+000
  -0.253385767158281001651034935284E-001   -0.804249093223852889621910706730E-001    0.190273952713084863793145586658E+000
   0.181358285266782249884868848178E+000    0.301589241382226912767386966800E-001    0.111932579378228977551488985857E+000
   0.732652934792127718125369028065E-001   -0.530866642468408489047535450415E-001    0.203867670096001923883881969205E+000
   0.266530316419025646700883413642E-001    0.178139761390991234254537937133E+000    0.110453740888032132975511470422E+000
   0.722279958275245701264906428508E-001    0.522318427214090879031536302922E-001    0.202487684513118299595425747277E+000
  -0.283751241590153171674056481848E-001    0.863496124971511389656280970112E-001    0.207840577268710614554814005844E+000
  -0.160072024890982640783704187891E+000    0.166101531006187506485676975495E-001   -0.130888858649117379808014702844E+000
  -0.680774642253560475037400676912E-001   -0.153241946285595463749530147699E+000   -0.137239665693332088221622828523E+000
   0.122660728105851967049261234095E+000   -0.109803188473244403674577055417E+000   -0.135079276164500567857290311091E+000
   0.149401812234499684609282354427E+000    0.871901781634737726480832237053E-001   -0.141269041293166222095018675574E+000
  -0.356819386975918025477184277648E-001    0.164890415008913233240367150866E+000   -0.137030934412778019736374155792E+000
  -0.241548735108384547323703207210E+000   -0.393874300994737712356692810309E-001    0.303238171289186242617344734847E-003
  -0.350440320197337589191453011390E-001   -0.227507752006708008766515418263E+000   -0.430854879377850800043479602782E-003
   0.207233335189933113171991005378E+000   -0.104538926400442710923085135378E+000   -0.499079319993885956950679960680E-003
   0.160376401011061270693746285743E+000    0.161736820243244555418298692721E+000    0.183424752893285890502173418645E-003
  -0.109644218127452552820364305508E+000    0.212789963690471712256887631491E+000    0.693509717340507110306573458664E-003
  -0.142307137606653110913735173769E+000   -0.170935362119541883184457379472E+000    0.312725341266055214011945033453E-001
   0.124494989400453987725672547787E+000   -0.197828757719670166847719595587E+000    0.324179924713958705816854703057E-001
   0.230771103191684848583002590850E+000    0.582341331587083056872339860737E-001    0.334767954784997803104977900352E-001
   0.147507472723210640525422776576E-001    0.221466544257900338703264124568E+000    0.319163854220573830536099637755E-001
  -0.214647249776922530492236167919E+000    0.857387056475683170955432882402E-001    0.332247173684163866273780476240E-001
  -0.543924776817170700388804181830E-001   -0.807191069235019676409357608792E-001    0.182934515259881053646362451180E+000
   0.619546425285519008696005168615E-001   -0.801954275036916897391046994572E-001    0.189788640303396208887907324253E+000
   0.984307008507800446048530366694E-001    0.347322474902170670072099004327E-001    0.196630523013818950943419834436E+000
  -0.295300012167306069896823147355E-002    0.104654182122669428324415098578E+000    0.198662489246416777561881313924E+000
  -0.933222730792361733440259453431E-001    0.267846979615073797451769712202E-001    0.183968524362792862836544674079E+000
  -0.929938650598822101769516466501E-001   -0.329146772854846005258230406505E-001   -0.185576907357216453299607442038E+000
   0.277988672564268029409071216613E-002   -0.100587581805768000183556004413E+000   -0.190628632221014654139415153893E+000
   0.907900574968851272760766869266E-001   -0.261957100303161066752936163934E-001   -0.179000705060191590206095669373E+000
   0.558329873256769023436552995946E-001    0.828159452862358657760019362218E-001   -0.187883060932679029960545223620E+000
  -0.592245450018422568269239329373E-001    0.764698078985938090483517586400E-001   -0.181173220302594930880624423427E+000
  -0.199853364291688298638214140722E+000    0.173174780058414151182921626646E-001   -0.886880674089824227271633000979E-001
  -0.801613671385323021231111997806E-001   -0.189096316284905879055337813650E+000   -0.915719964323392743867480117516E-001
   0.153415662125052468353858910863E+000   -0.132956203927943058978198642424E+000   -0.907901358138802130031187950578E-001
   0.177071262887887953854234584465E+000    0.106999121086563493341332165371E+000   -0.919241992779995321086709683799E-001
  -0.472772797183378828212286156731E-001    0.202863925386203033017660357202E+000   -0.918954616711835690904509361837E-001
  -0.222213332065574941002403348962E+000   -0.912832810648338586261319277089E-001    0.340978076241976558321816750499E-001
   0.170998870940820335701594980824E-001   -0.227336565761098992802164961022E+000    0.316901503239073314499793590165E-001
   0.227948124442815647484748395697E+000   -0.557025726721923387877579601107E-001    0.327352908524515534686539619493E-001
   0.116341023577750069147471171401E+000    0.188206107696227765715182257669E+000    0.315897735282153303820802518734E-001
  -0.141982752489244308872654539267E+000    0.167309522501258143509371108489E+000    0.316598636041085878752933454648E-001
  -0.144391975633390082682913704015E+000   -0.843557495045589509353418122117E-001    0.136564549093368823825978833243E+000
   0.339878987942303546787583987747E-001   -0.157435935217309981862659167151E+000    0.130819860545480477213679736420E+000
   0.163973377977592110805586501379E+000   -0.171459518359854861820998092063E-001    0.134212639896419309602719225087E+000
   0.649971828954884507280261885972E-001    0.146310858923998310807793652071E+000    0.131224843870032110975116122857E+000
  -0.120253355081141243411399761504E+000    0.107476159543448198401456369657E+000    0.132452390453102023302521473315E+000
  -0.116423084275659946011982857456E+000   -0.502326793801838212404362543610E-001   -0.167031910252622203461604787288E+000
   0.121417117594314955128173005509E-001   -0.128120141536468628415941508017E+000   -0.170528358249117757384723329632E+000
   0.118219045196932625720971456658E+000   -0.259116156327616496357733316366E-001   -0.160282537990787992155923058810E+000
   0.646638394275069132495184308358E-001    0.110664211830945238830530628103E+000   -0.168703726199773520303457547536E+000
  -0.830639714138691080709198744420E-001    0.938318075875047559881112981284E-001   -0.164402833038295297628147689829E+000
  -0.200523375720578497887484901242E+000   -0.188358352584486947439283581758E-001   -0.891389861851681770489237977123E-001
  -0.434199428758214841637685499929E-001   -0.193587607621596452963752159349E+000   -0.885437337000352184862778678776E-001
   0.176692719740544894996582973188E+000   -0.104394330519836637261579894529E+000   -0.917417853176227199256312144654E-001
   0.150857344476480522255547741199E+000    0.133335599780456024485398398316E+000   -0.893412046240187996086940970803E-001
  -0.838115300665251837852992024651E-001    0.193347656709993350976597347172E+000   -0.929348863161097940248759130467E-001
  -0.220166658506464568495115508937E+000   -0.113430795946757977695246121364E+000    0.101319682337049063644529348232E-003
   0.376841705639773795934045006829E-001   -0.231677293339488392426231655824E+000   -0.546133976906982256775452857727E-003
   0.242478320934915006395806304458E+000   -0.373954486868132296210168336141E-001   -0.395348834323294208477410594272E-003
   0.101683186188350475769995405183E+000    0.201710906582828711369478001764E+000    0.360933140146948471005634000485E-003
  -0.163782148190338937066305436781E+000    0.162280796946957129501279670482E+000    0.655610150407475372125050204697E-003
  -0.119878410531282719170392793069E+000   -0.109762420976751719482009234405E+000    0.132573086951268016799528073786E+000
   0.649425761304769860878029323345E-001   -0.143553809110801189969862073604E+000    0.127946418671086663703331117404E+000
   0.165440744582582458628152238369E+000    0.179963012286946886470821276050E-001    0.135619766839025008727108840594E+000
   0.332969472016743135271344612449E-001    0.160212937776689295372805987569E+000    0.134242672232330183444921510532E+000
  -0.140010554794733649788186362192E+000    0.794490542574429240851341857415E-001    0.132135284662695070066187787846E+000
  -0.676326053373339339488507912954E-001    0.488475158295826074346738270766E-001   -0.187961340756500350339116339810E+000
  -0.689484099259366530628145882178E-001   -0.499412890652269485240172605015E-001   -0.193055733487716007283813833267E+000
   0.269587483073626862624469778849E-001   -0.823265012298003631435582375777E-001   -0.197782693892808659018536723188E+000
   0.836307239443093574725640441398E-001    0.741001602462265702578935164009E-003   -0.190493324665088295028082589955E+000
   0.255305079495379078261027352907E-001    0.810887885656183535740130161957E-001   -0.192051700240183226500395356047E+000
  -0.178338658865588614280102470657E+000    0.285707380049405001642756917395E-001   -0.109658633521517871326795918794E+000
  -0.886163630623758227082395015997E-001    0.169719322709595678899546502788E+000   -0.116044186086384120566739882218E+000
  -0.221171200517715547241997593547E+000    0.890650948829660936573392990315E-001   -0.275967703098939371152641038737E-001
  -0.152465462288639805158864932973E+000    0.178840149492964528136354417150E+000   -0.270874349782509626125046147105E-001
  -0.862864295664047602096492096497E-001   -0.168385790085903750863522463240E+000   -0.115676647354736821254112443470E+000
  -0.226527102508566195609452674127E+000   -0.935005850415651618677382953629E-001   -0.287943996664432506231177954988E-001
  -0.150233939236143194422231697940E+000   -0.179338614270534760028591210341E+000   -0.277923210502768228648745208448E-001
   0.131132669192855022497406723271E+000   -0.131359474890945452397724579427E+000   -0.113826365907602849528489111371E+000
   0.173918826720790436850280248106E-001   -0.225050575181989686264803043345E+000   -0.271746558067722723611803273925E-001
   0.126759017853563180970983201608E+000   -0.202492579037159953373438615318E+000   -0.288423191124645672229783372791E-001
   0.171045927783796541190288840132E+000    0.872699236000058275146341333754E-001   -0.117171384659363405528299478630E+000
   0.234080401038023842479064664938E+000   -0.564866293699210257643209693785E-001   -0.288896572440077749864389132388E-001
   0.235687037213592708181915167825E+000    0.590474061129894059425750745610E-001   -0.288817614518494553227577954820E-001
   0.116479293055357125201725757627E+000    0.189707541463336830594840221380E+000   -0.259977408835344163346603843960E-001
   0.157559947752564250589275310871E-001    0.229733914408709792320899185846E+000   -0.266605878466511906915005610787E-001
  -0.165023882308887059417744643645E+000   -0.842906511335508311997865197532E-001    0.113093062504666161100431407923E+000
  -0.161311110274130991135666609396E+000    0.800114465013605845981793624087E-001    0.110443803586992398672537286022E+000
  -0.133665430784915809243308220650E+000   -0.101415668217601513552474996145E-002    0.161791798695483278403784531480E+000
   0.280387486054985967562662384261E-001   -0.177540166692708167220758028247E+000    0.109017744904176554872417366415E+000
  -0.405129831414015853534909943338E-001   -0.127623654281334784728757605183E+000    0.160972982019775498859418705767E+000
   0.179023150786398365668222113239E+000   -0.288132057624676664457055154405E-001    0.110200462651019430350264778747E+000
   0.108741198227205181024063462559E+000   -0.785736880184445841463320458658E-001    0.161096430597702524467869871401E+000
   0.812938606566379923952777497117E-001    0.158629193716506164366538843237E+000    0.109140312871436153327875745364E+000
   0.106663856425963312981264229758E+000    0.776247981228051261368869125466E-001    0.159373642821626741561473417221E+000
  -0.443780519228237724437459722649E-001    0.134811100306462397323419475387E+000    0.172304811251716138315499785438E+000
  -0.143261416907307305702194199297E+000    0.103211767889181673554433676775E+000   -0.120637142001001625967622845127E+000
  -0.142541734578951348366341577953E+000   -0.104140268479618033757159203191E+000   -0.121267094999234037959540249439E+000
   0.537553460443443117048942592904E-001   -0.163433494716565521636386692025E+000   -0.118813760387817902047619377574E+000
   0.178046870400620506716124520595E+000    0.992594628031680625797944070611E-003   -0.122699125209876023668710063258E+000
   0.527020583607556916350301831342E-001    0.165461917589734204551856063626E+000   -0.118877681974166479711431215844E+000
  -0.169217126821957761305108589730E+000   -0.883447471803278314521956019019E-001   -0.104621613823835017682279235777E+000
   0.298916265468378890017362562657E-001    0.186970530522325629654887008588E+000   -0.103388698091866063111790251936E+000
  -0.205912501191609457104007705375E+000    0.167152494915239835709323620472E-001    0.758832552976166978845054516762E-001
  -0.790262379562543727565482842321E-001    0.184331902371268481455132414419E+000    0.739344983104694125841517268582E-001
   0.303240091019062106503282268179E-001   -0.179361395814574731577864229058E+000   -0.100341125829023434566889906664E+000
  -0.207091671687899860727224362460E+000   -0.190928187419663982204484100268E-001    0.762917500583809317213485253668E-001
  -0.795296763356235092435974748066E-001   -0.190510396797831831201619375081E+000    0.750635483600105857746516109344E-001
   0.192488088921126340341584661105E+000   -0.281251612013799634300501562585E-001   -0.107162531230578717362950648187E+000
  -0.466463418014795652378483373808E-001   -0.205926583967223224431909225301E+000    0.766863296841324292222422892127E-001
   0.153587513029431006599296727978E+000   -0.132290333263068764943359284199E+000    0.734845567146599136449346859821E-001
   0.820495853195532412524319338369E-001    0.166111863726639359799208423448E+000   -0.101315484202162575756063545542E+000
   0.174541176694423412027827683801E+000   -0.104231296887563158948240033180E+000    0.737425647768970268926926923820E-001
   0.175625344497466458282169487472E+000    0.106479387061336923920521064483E+000    0.750776008652901990925798686026E-001
   0.152682727551359325525970954991E+000    0.133362430765230876418663779778E+000    0.742170164571714410817374127774E-001
  -0.464575808178477770421767426244E-001    0.196700809346177171663766602145E+000    0.744840966761555709526205670338E-001
  -0.822622206639334025141200140993E-001   -0.166552391048436726716895605168E+000    0.101595038657063987505269416713E+000
  -0.824660030845920600257795688775E-001    0.162806237443563334125238410671E+000    0.100856627293415592513012987057E+000
  -0.305655212578436464597279234860E-001   -0.706626022422815520022002060837E-003    0.221646300183496683541877314749E+000
   0.129825568013526295871761087446E+000   -0.127129938715379185615595633146E+000    0.991121792396076441691595393651E-001
  -0.908320243112667700050320253937E-002   -0.298577688135156886519772273202E-001    0.220766193980494896811219164362E+000
   0.165073674880168441988622375015E+000    0.860883988976998319810242436511E-001    0.102179268747735635526980705413E+000
   0.261692399467304156614395141158E-001   -0.192111504082274455329809985114E-001    0.228781157004501132880823400873E+000
  -0.309669460115076179463791297137E-001    0.182704647967976974743768359373E+000    0.102368292950825383727608857966E+000
   0.263607030088898387710364608766E-001    0.185035915587121053559700041032E-001    0.231975173183807069980101463717E+000
  -0.968119260360080313937987338652E-002    0.296964521853328459141960768512E-001    0.229086318530404155267240087420E+000
