       323        163          1        641
       163        243          1        321
       243        323          1        961
       324        164          2        642
       164        244          2        322
       244        324          2        962
       325        165          3        643
       165        245          3        323
       245        325          3        963
       326        166          4        644
       166        246          4        324
       246        326          4        964
       327        167          5        645
       167        247          5        325
       247        327          5        965
       328        168          6        646
       168        248          6        326
       248        328          6        966
       329        169          7        647
       169        249          7        327
       249        329          7        967
       330        170          8        648
       170        250          8        328
       250        330          8        968
       331        171          9        649
       171        251          9        329
       251        331          9        969
       332        172         10        650
       172        252         10        330
       252        332         10        970
       333        173         11        651
       173        253         11        331
       253        333         11        971
       334        174         12        652
       174        254         12        332
       254        334         12        972
       335        175         13        653
       175        255         13        333
       255        335         13        973
       336        176         14        654
       176        256         14        334
       256        336         14        974
       337        177         15        655
       177        257         15        335
       257        337         15        975
       338        178         16        656
       178        258         16        336
       258        338         16        976
       339        179         17        657
       179        259         17        337
       259        339         17        977
       340        180         18        658
       180        260         18        338
       260        340         18        978
       341        181         19        659
       181        261         19        339
       261        341         19        979
       342        182         20        660
       182        262         20        340
       262        342         20        980
       343        183         21        661
       183        263         21        341
       263        343         21        981
       344        184         22        662
       184        264         22        342
       264        344         22        982
       345        185         23        663
       185        265         23        343
       265        345         23        983
       346        186         24        664
       186        266         24        344
       266        346         24        984
       347        187         25        665
       187        267         25        345
       267        347         25        985
       348        188         26        666
       188        268         26        346
       268        348         26        986
       349        189         27        667
       189        269         27        347
       269        349         27        987
       350        190         28        668
       190        270         28        348
       270        350         28        988
       351        191         29        669
       191        271         29        349
       271        351         29        989
       352        192         30        670
       192        272         30        350
       272        352         30        990
       353        193         31        671
       193        273         31        351
       273        353         31        991
       354        194         32        672
       194        274         32        352
       274        354         32        992
       355        195         33        673
       195        275         33        353
       275        355         33        993
       356        196         34        674
       196        276         34        354
       276        356         34        994
       357        197         35        675
       197        277         35        355
       277        357         35        995
       358        198         36        676
       198        278         36        356
       278        358         36        996
       359        199         37        677
       199        279         37        357
       279        359         37        997
       360        200         38        678
       200        280         38        358
       280        360         38        998
       361        201         39        679
       201        281         39        359
       281        361         39        999
       362        202         40        680
       202        282         40        360
       282        362         40       1000
       363        203         41        681
       203        283         41        361
       283        363         41       1001
       364        204         42        682
       204        284         42        362
       284        364         42       1002
       365        205         43        683
       205        285         43        363
       285        365         43       1003
       366        206         44        684
       206        286         44        364
       286        366         44       1004
       367        207         45        685
       207        287         45        365
       287        367         45       1005
       368        208         46        686
       208        288         46        366
       288        368         46       1006
       369        209         47        687
       209        289         47        367
       289        369         47       1007
       370        210         48        688
       210        290         48        368
       290        370         48       1008
       371        211         49        689
       211        291         49        369
       291        371         49       1009
       372        212         50        690
       212        292         50        370
       292        372         50       1010
       373        213         51        691
       213        293         51        371
       293        373         51       1011
       374        214         52        692
       214        294         52        372
       294        374         52       1012
       375        215         53        693
       215        295         53        373
       295        375         53       1013
       376        216         54        694
       216        296         54        374
       296        376         54       1014
       377        217         55        695
       217        297         55        375
       297        377         55       1015
       378        218         56        696
       218        298         56        376
       298        378         56       1016
       379        219         57        697
       219        299         57        377
       299        379         57       1017
       380        220         58        698
       220        300         58        378
       300        380         58       1018
       381        221         59        699
       221        301         59        379
       301        381         59       1019
       382        222         60        700
       222        302         60        380
       302        382         60       1020
       383        223         61        701
       223        303         61        381
       303        383         61       1021
       384        224         62        702
       224        304         62        382
       304        384         62       1022
       385        225         63        703
       225        305         63        383
       305        385         63       1023
       386        226         64        704
       226        306         64        384
       306        386         64       1024
       387        227         65        705
       227        307         65        385
       307        387         65       1025
       388        228         66        706
       228        308         66        386
       308        388         66       1026
       389        229         67        707
       229        309         67        387
       309        389         67       1027
       390        230         68        708
       230        310         68        388
       310        390         68       1028
       391        231         69        709
       231        311         69        389
       311        391         69       1029
       392        232         70        710
       232        312         70        390
       312        392         70       1030
       393        233         71        711
       233        313         71        391
       313        393         71       1031
       394        234         72        712
       234        314         72        392
       314        394         72       1032
       395        235         73        713
       235        315         73        393
       315        395         73       1033
       396        236         74        714
       236        316         74        394
       316        396         74       1034
       397        237         75        715
       237        317         75        395
       317        397         75       1035
       398        238         76        716
       238        318         76        396
       318        398         76       1036
       399        239         77        717
       239        319         77        397
       319        399         77       1037
       400        240         78        718
       240        320         78        398
       320        400         78       1038
       401        241         79        719
       241        321         79        399
       321        401         79       1039
       402        242         80        720
       242        322         80        400
       322        402         80       1040
       423        243         81        721
       243        403         81        401
       403        423         81       1041
       424        244         82        722
       244        404         82        402
       404        424         82       1042
       425        245         83        723
       245        405         83        403
       405        425         83       1043
       426        246         84        724
       246        406         84        404
       406        426         84       1044
       427        247         85        725
       247        407         85        405
       407        427         85       1045
       428        248         86        726
       248        408         86        406
       408        428         86       1046
       429        249         87        727
       249        409         87        407
       409        429         87       1047
       430        250         88        728
       250        410         88        408
       410        430         88       1048
       431        251         89        729
       251        411         89        409
       411        431         89       1049
       432        252         90        730
       252        412         90        410
       412        432         90       1050
       433        253         91        731
       253        413         91        411
       413        433         91       1051
       434        254         92        732
       254        414         92        412
       414        434         92       1052
       435        255         93        733
       255        415         93        413
       415        435         93       1053
       436        256         94        734
       256        416         94        414
       416        436         94       1054
       437        257         95        735
       257        417         95        415
       417        437         95       1055
       438        258         96        736
       258        418         96        416
       418        438         96       1056
       439        259         97        737
       259        419         97        417
       419        439         97       1057
       440        260         98        738
       260        420         98        418
       420        440         98       1058
       441        261         99        739
       261        421         99        419
       421        441         99       1059
       442        262        100        740
       262        422        100        420
       422        442        100       1060
       583        263        101        741
       263        423        101        421
       423        583        101       1061
       584        264        102        742
       264        424        102        422
       424        584        102       1062
       585        265        103        743
       265        425        103        423
       425        585        103       1063
       586        266        104        744
       266        426        104        424
       426        586        104       1064
       587        267        105        745
       267        427        105        425
       427        587        105       1065
       590        268        106        746
       268        428        106        426
       428        590        106       1066
       594        269        107        747
       269        429        107        427
       429        594        107       1067
       597        270        108        748
       270        430        108        428
       430        597        108       1068
       600        271        109        749
       271        431        109        429
       431        600        109       1069
       602        272        110        750
       272        432        110        430
       432        602        110       1070
       603        273        111        751
       273        433        111        431
       433        603        111       1071
       606        274        112        752
       274        434        112        432
       434        606        112       1072
       608        275        113        753
       275        435        113        433
       435        608        113       1073
       610        276        114        754
       276        436        114        434
       436        610        114       1074
       514        277        115        755
       277        437        115        435
       437        514        115       1075
       605        278        116        756
       278        438        116        436
       438        605        116       1076
       607        279        117        757
       279        439        117        437
       439        607        117       1077
       609        280        118        758
       280        440        118        438
       440        609        118       1078
       611        281        119        759
       281        441        119        439
       441        611        119       1079
       612        282        120        760
       282        442        120        440
       442        612        120       1080
       588        283        121        761
       283        523        121        441
       523        588        121       1081
       592        284        122        762
       284        524        122        442
       524        592        122       1082
       595        285        123        763
       285        525        123        443
       525        595        123       1083
       598        286        124        764
       286        526        124        444
       526        598        124       1084
       499        287        125        765
       287        527        125        445
       527        499        125       1085
       503        288        126        766
       288        528        126        446
       528        503        126       1086
       506        289        127        767
       289        529        127        447
       529        506        127       1087
       509        290        128        768
       290        530        128        448
       530        509        128       1088
       511        291        129        769
       291        531        129        449
       531        511        129       1089
       501        292        130        770
       292        532        130        450
       532        501        130       1090
       504        293        131        771
       293        533        131        451
       533        504        131       1091
       507        294        132        772
       294        534        132        452
       534        507        132       1092
       510        295        133        773
       295        535        133        453
       535        510        133       1093
       512        296        134        774
       296        536        134        454
       536        512        134       1094
       500        297        135        775
       297        537        135        455
       537        500        135       1095
       517        298        136        776
       298        538        136        456
       538        517        136       1096
       519        299        137        777
       299        539        137        457
       539        519        137       1097
       521        300        138        778
       300        540        138        458
       540        521        138       1098
       522        301        139        779
       301        541        139        459
       541        522        139       1099
       515        302        140        780
       302        542        140        460
       542        515        140       1100
       494        303        141        781
       303        563        141        461
       563        494        141       1101
       495        304        142        782
       304        564        142        462
       564        495        142       1102
       496        305        143        783
       305        565        143        463
       565        496        143       1103
       497        306        144        784
       306        566        144        464
       566        497        144       1104
       493        307        145        785
       307        567        145        465
       567        493        145       1105
       498        308        146        786
       308        568        146        466
       568        498        146       1106
       502        309        147        787
       309        569        147        467
       569        502        147       1107
       505        310        148        788
       310        570        148        468
       570        505        148       1108
       508        311        149        789
       311        571        149        469
       571        508        149       1109
       589        312        150        790
       312        572        150        470
       572        589        150       1110
       593        313        151        791
       313        573        151        471
       573        593        151       1111
       596        314        152        792
       314        574        152        472
       574        596        152       1112
       599        315        153        793
       315        575        153        473
       575        599        153       1113
       601        316        154        794
       316        576        154        474
       576        601        154       1114
       591        317        155        795
       317        577        155        475
       577        591        155       1115
       513        318        156        796
       318        578        156        476
       578        513        156       1116
       516        319        157        797
       319        579        157        477
       579        516        157       1117
       518        320        158        798
       320        580        158        478
       580        518        158       1118
       520        321        159        799
       321        581        159        479
       581        520        159       1119
       604        322        160        800
       322        582        160        480
       582        604        160       1120
       523        163        161        801
       163        443        161        481
       443        523        161       1121
       524        164        162        802
       164        444        162        482
       444        524        162       1122
       525        165        163        803
       165        445        163        483
       445        525        163       1123
       526        166        164        804
       166        446        164        484
       446        526        164       1124
       527        167        165        805
       167        447        165        485
       447        527        165       1125
       528        168        166        806
       168        448        166        486
       448        528        166       1126
       529        169        167        807
       169        449        167        487
       449        529        167       1127
       530        170        168        808
       170        450        168        488
       450        530        168       1128
       531        171        169        809
       171        451        169        489
       451        531        169       1129
       532        172        170        810
       172        452        170        490
       452        532        170       1130
       533        173        171        811
       173        453        171        491
       453        533        171       1131
       534        174        172        812
       174        454        172        492
       454        534        172       1132
       535        175        173        813
       175        455        173        493
       455        535        173       1133
       536        176        174        814
       176        456        174        494
       456        536        174       1134
       537        177        175        815
       177        457        175        495
       457        537        175       1135
       538        178        176        816
       178        458        176        496
       458        538        176       1136
       539        179        177        817
       179        459        177        497
       459        539        177       1137
       540        180        178        818
       180        460        178        498
       460        540        178       1138
       541        181        179        819
       181        461        179        499
       461        541        179       1139
       542        182        180        820
       182        462        180        500
       462        542        180       1140
       543        183        181        821
       183        584        181        501
       584        543        181       1141
       544        184        182        822
       184        585        182        502
       585        544        182       1142
       545        185        183        823
       185        586        183        503
       586        545        183       1143
       546        186        184        824
       186        587        184        504
       587        546        184       1144
       547        187        185        825
       187        583        185        505
       583        547        185       1145
       548        188        186        826
       188        588        186        506
       588        548        186       1146
       549        189        187        827
       189        592        187        507
       592        549        187       1147
       550        190        188        828
       190        595        188        508
       595        550        188       1148
       551        191        189        829
       191        598        189        509
       598        551        189       1149
       552        192        190        830
       192        499        190        510
       499        552        190       1150
       553        193        191        831
       193        503        191        511
       503        553        191       1151
       554        194        192        832
       194        506        192        512
       506        554        192       1152
       555        195        193        833
       195        509        193        513
       509        555        193       1153
       556        196        194        834
       196        511        194        514
       511        556        194       1154
       557        197        195        835
       197        501        195        515
       501        557        195       1155
       558        198        196        836
       198        603        196        516
       603        558        196       1156
       559        199        197        837
       199        606        197        517
       606        559        197       1157
       560        200        198        838
       200        608        198        518
       608        560        198       1158
       561        201        199        839
       201        610        199        519
       610        561        199       1159
       562        202        200        840
       202        514        200        520
       514        562        200       1160
       403        203        201        841
       203        493        201        521
       493        403        201       1161
       404        204        202        842
       204        494        202        522
       494        404        202       1162
       405        205        203        843
       205        495        203        523
       495        405        203       1163
       406        206        204        844
       206        496        204        524
       496        406        204       1164
       407        207        205        845
       207        497        205        525
       497        407        205       1165
       408        208        206        846
       208        500        206        526
       500        408        206       1166
       409        209        207        847
       209        504        207        527
       504        409        207       1167
       410        210        208        848
       210        507        208        528
       507        410        208       1168
       411        211        209        849
       211        510        209        529
       510        411        209       1169
       412        212        210        850
       212        512        210        530
       512        412        210       1170
       413        213        211        851
       213        513        211        531
       513        413        211       1171
       414        214        212        852
       214        516        212        532
       516        414        212       1172
       415        215        213        853
       215        518        213        533
       518        415        213       1173
       416        216        214        854
       216        520        214        534
       520        416        214       1174
       417        217        215        855
       217        604        215        535
       604        417        215       1175
       418        218        216        856
       218        515        216        536
       515        418        216       1176
       419        219        217        857
       219        517        217        537
       517        419        217       1177
       420        220        218        858
       220        519        218        538
       519        420        218       1178
       421        221        219        859
       221        521        219        539
       521        421        219       1179
       422        222        220        860
       222        522        220        540
       522        422        220       1180
       443        223        221        861
       223        498        221        541
       498        443        221       1181
       444        224        222        862
       224        502        222        542
       502        444        222       1182
       445        225        223        863
       225        505        223        543
       505        445        223       1183
       446        226        224        864
       226        508        224        544
       508        446        224       1184
       447        227        225        865
       227        589        225        545
       589        447        225       1185
       448        228        226        866
       228        593        226        546
       593        448        226       1186
       449        229        227        867
       229        596        227        547
       596        449        227       1187
       450        230        228        868
       230        599        228        548
       599        450        228       1188
       451        231        229        869
       231        601        229        549
       601        451        229       1189
       452        232        230        870
       232        591        230        550
       591        452        230       1190
       453        233        231        871
       233        594        231        551
       594        453        231       1191
       454        234        232        872
       234        597        232        552
       597        454        232       1192
       455        235        233        873
       235        600        233        553
       600        455        233       1193
       456        236        234        874
       236        602        234        554
       602        456        234       1194
       457        237        235        875
       237        590        235        555
       590        457        235       1195
       458        238        236        876
       238        607        236        556
       607        458        236       1196
       459        239        237        877
       239        609        237        557
       609        459        237       1197
       460        240        238        878
       240        611        238        558
       611        460        238       1198
       461        241        239        879
       241        612        239        559
       612        461        239       1199
       462        242        240        880
       242        605        240        560
       605        462        240       1200
       563        323        241        881
       323        543        241        561
       543        563        241       1201
       564        324        242        882
       324        544        242        562
       544        564        242       1202
       565        325        243        883
       325        545        243        563
       545        565        243       1203
       566        326        244        884
       326        546        244        564
       546        566        244       1204
       567        327        245        885
       327        547        245        565
       547        567        245       1205
       568        328        246        886
       328        548        246        566
       548        568        246       1206
       569        329        247        887
       329        549        247        567
       549        569        247       1207
       570        330        248        888
       330        550        248        568
       550        570        248       1208
       571        331        249        889
       331        551        249        569
       551        571        249       1209
       572        332        250        890
       332        552        250        570
       552        572        250       1210
       573        333        251        891
       333        553        251        571
       553        573        251       1211
       574        334        252        892
       334        554        252        572
       554        574        252       1212
       575        335        253        893
       335        555        253        573
       555        575        253       1213
       576        336        254        894
       336        556        254        574
       556        576        254       1214
       577        337        255        895
       337        557        255        575
       557        577        255       1215
       578        338        256        896
       338        558        256        576
       558        578        256       1216
       579        339        257        897
       339        559        257        577
       559        579        257       1217
       580        340        258        898
       340        560        258        578
       560        580        258       1218
       581        341        259        899
       341        561        259        579
       561        581        259       1219
       582        342        260        900
       342        562        260        580
       562        582        260       1220
       464        343        261        901
       343        463        261        581
       463        464        261       1221
       465        344        262        902
       344        464        262        582
       464        465        262       1222
       466        345        263        903
       345        465        263        583
       465        466        263       1223
       467        346        264        904
       346        466        264        584
       466        467        264       1224
       463        347        265        905
       347        467        265        585
       467        463        265       1225
       468        348        266        906
       348        470        266        586
       470        468        266       1226
       472        349        267        907
       349        474        267        587
       474        472        267       1227
       475        350        268        908
       350        477        268        588
       477        475        268       1228
       478        351        269        909
       351        480        269        589
       480        478        269       1229
       619        352        270        910
       352        482        270        590
       482        619        270       1230
       623        353        271        911
       353        483        271        591
       483        623        271       1231
       626        354        272        912
       354        486        272        592
       486        626        272       1232
       629        355        273        913
       355        488        273        593
       488        629        273       1233
       631        356        274        914
       356        490        274        594
       490        631        274       1234
       621        357        275        915
       357        634        275        595
       634        621        275       1235
       483        358        276        916
       358        485        276        596
       485        483        276       1236
       486        359        277        917
       359        487        277        597
       487        486        277       1237
       488        360        278        918
       360        489        278        598
       489        488        278       1238
       490        361        279        919
       361        491        279        599
       491        490        279       1239
       634        362        280        920
       362        492        280        600
       492        634        280       1240
       613        363        281        921
       363        468        281        601
       468        613        281       1241
       614        364        282        922
       364        472        282        602
       472        614        282       1242
       615        365        283        923
       365        475        283        603
       475        615        283       1243
       616        366        284        924
       366        478        284        604
       478        616        284       1244
       617        367        285        925
       367        619        285        605
       619        617        285       1245
       620        368        286        926
       368        623        286        606
       623        620        286       1246
       624        369        287        927
       369        626        287        607
       626        624        287       1247
       627        370        288        928
       370        629        288        608
       629        627        288       1248
       630        371        289        929
       371        631        289        609
       631        630        289       1249
       632        372        290        930
       372        621        290        610
       621        632        290       1250
       633        373        291        931
       373        624        291        611
       624        633        291       1251
       636        374        292        932
       374        627        292        612
       627        636        292       1252
       638        375        293        933
       375        630        293        613
       630        638        293       1253
       640        376        294        934
       376        632        294        614
       632        640        294       1254
       484        377        295        935
       377        620        295        615
       620        484        295       1255
       635        378        296        936
       378        637        296        616
       637        635        296       1256
       637        379        297        937
       379        639        297        617
       639        637        297       1257
       639        380        298        938
       380        641        298        618
       641        639        298       1258
       641        381        299        939
       381        642        299        619
       642        641        299       1259
       642        382        300        940
       382        635        300        620
       635        642        300       1260
       618        383        301        941
       383        614        301        621
       614        618        301       1261
       622        384        302        942
       384        615        302        622
       615        622        302       1262
       625        385        303        943
       385        616        303        623
       616        625        303       1263
       628        386        304        944
       386        617        304        624
       617        628        304       1264
       469        387        305        945
       387        613        305        625
       613        469        305       1265
       473        388        306        946
       388        618        306        626
       618        473        306       1266
       476        389        307        947
       389        622        307        627
       622        476        307       1267
       479        390        308        948
       390        625        308        628
       625        479        308       1268
       481        391        309        949
       391        628        309        629
       628        481        309       1269
       471        392        310        950
       392        469        310        630
       469        471        310       1270
       474        393        311        951
       393        473        311        631
       473        474        311       1271
       477        394        312        952
       394        476        312        632
       476        477        312       1272
       480        395        313        953
       395        479        313        633
       479        480        313       1273
       482        396        314        954
       396        481        314        634
       481        482        314       1274
       470        397        315        955
       397        471        315        635
       471        470        315       1275
       487        398        316        956
       398        633        316        636
       633        487        316       1276
       489        399        317        957
       399        636        317        637
       636        489        317       1277
       491        400        318        958
       400        638        318        638
       638        491        318       1278
       492        401        319        959
       401        640        319        639
       640        492        319       1279
       485        402        320        960
       402        484        320        640
       484        485        320       1280
       163         43        321        801
        43        243        321        401
       164         44        322        802
        44        244        322        402
       165         45        323        803
        45        245        323        403
       166         46        324        804
        46        246        324        404
       167         47        325        805
        47        247        325        405
       168         48        326        806
        48        248        326        406
       169         49        327        807
        49        249        327        407
       170         50        328        808
        50        250        328        408
       171         51        329        809
        51        251        329        409
       172         52        330        810
        52        252        330        410
       173         53        331        811
        53        253        331        411
       174         54        332        812
        54        254        332        412
       175         55        333        813
        55        255        333        413
       176         56        334        814
        56        256        334        414
       177         57        335        815
        57        257        335        415
       178         58        336        816
        58        258        336        416
       179         59        337        817
        59        259        337        417
       180         60        338        818
        60        260        338        418
       181         61        339        819
        61        261        339        419
       182         62        340        820
        62        262        340        420
       183         63        341        821
        63        263        341        421
       184         64        342        822
        64        264        342        422
       185         65        343        823
        65        265        343        423
       186         66        344        824
        66        266        344        424
       187         67        345        825
        67        267        345        425
       188         68        346        826
        68        268        346        426
       189         69        347        827
        69        269        347        427
       190         70        348        828
        70        270        348        428
       191         71        349        829
        71        271        349        429
       192         72        350        830
        72        272        350        430
       193         73        351        831
        73        273        351        431
       194         74        352        832
        74        274        352        432
       195         75        353        833
        75        275        353        433
       196         76        354        834
        76        276        354        434
       197         77        355        835
        77        277        355        435
       198         78        356        836
        78        278        356        436
       199         79        357        837
        79        279        357        437
       200         80        358        838
        80        280        358        438
       201         81        359        839
        81        281        359        439
       202         82        360        840
        82        282        360        440
       203         43        361        841
        43        283        361        441
       204         44        362        842
        44        284        362        442
       205         45        363        843
        45        285        363        443
       206         46        364        844
        46        286        364        444
       207         47        365        845
        47        287        365        445
       208         48        366        846
        48        288        366        446
       209         49        367        847
        49        289        367        447
       210         50        368        848
        50        290        368        448
       211         51        369        849
        51        291        369        449
       212         52        370        850
        52        292        370        450
       213         53        371        851
        53        293        371        451
       214         54        372        852
        54        294        372        452
       215         55        373        853
        55        295        373        453
       216         56        374        854
        56        296        374        454
       217         57        375        855
        57        297        375        455
       218         58        376        856
        58        298        376        456
       219         59        377        857
        59        299        377        457
       220         60        378        858
        60        300        378        458
       221         61        379        859
        61        301        379        459
       222         62        380        860
        62        302        380        460
       223         83        381        861
        83        303        381        461
       224         84        382        862
        84        304        382        462
       225         85        383        863
        85        305        383        463
       226         86        384        864
        86        306        384        464
       227         87        385        865
        87        307        385        465
       228         88        386        866
        88        308        386        466
       229         89        387        867
        89        309        387        467
       230         90        388        868
        90        310        388        468
       231         91        389        869
        91        311        389        469
       232         92        390        870
        92        312        390        470
       233         93        391        871
        93        313        391        471
       234         94        392        872
        94        314        392        472
       235         95        393        873
        95        315        393        473
       236         96        394        874
        96        316        394        474
       237         97        395        875
        97        317        395        475
       238         98        396        876
        98        318        396        476
       239         99        397        877
        99        319        397        477
       240        100        398        878
       100        320        398        478
       241        101        399        879
       101        321        399        479
       242        102        400        880
       102        322        400        480
        43        403        401        841
        44        404        402        842
        45        405        403        843
        46        406        404        844
        47        407        405        845
        48        408        406        846
        49        409        407        847
        50        410        408        848
        51        411        409        849
        52        412        410        850
        53        413        411        851
        54        414        412        852
        55        415        413        853
        56        416        414        854
        57        417        415        855
        58        418        416        856
        59        419        417        857
        60        420        418        858
        61        421        419        859
        62        422        420        860
        63        423        421        721
        64        424        422        722
        65        425        423        723
        66        426        424        724
        67        427        425        725
        68        428        426        726
        69        429        427        727
        70        430        428        728
        71        431        429        729
        72        432        430        730
        73        433        431        731
        74        434        432        732
        75        435        433        733
        76        436        434        734
        77        437        435        735
        78        438        436        736
        79        439        437        737
        80        440        438        738
        81        441        439        739
        82        442        440        740
        43        523        441        801
        44        524        442        802
        45        525        443        803
        46        526        444        804
        47        527        445        805
        48        528        446        806
        49        529        447        807
        50        530        448        808
        51        531        449        809
        52        532        450        810
        53        533        451        811
        54        534        452        812
        55        535        453        813
        56        536        454        814
        57        537        455        815
        58        538        456        816
        59        539        457        817
        60        540        458        818
        61        541        459        819
        62        542        460        820
        83        563        461        881
        84        564        462        882
        85        565        463        883
        86        566        464        884
        87        567        465        885
        88        568        466        886
        89        569        467        887
        90        570        468        888
        91        571        469        889
        92        572        470        890
        93        573        471        891
        94        574        472        892
        95        575        473        893
        96        576        474        894
        97        577        475        895
        98        578        476        896
        99        579        477        897
       100        580        478        898
       101        581        479        899
       102        582        480        900
       163         83        481        641
        83        443        481        861
       164         84        482        642
        84        444        482        862
       165         85        483        643
        85        445        483        863
       166         86        484        644
        86        446        484        864
       167         87        485        645
        87        447        485        865
       168         88        486        646
        88        448        486        866
       169         89        487        647
        89        449        487        867
       170         90        488        648
        90        450        488        868
       171         91        489        649
        91        451        489        869
       172         92        490        650
        92        452        490        870
       173         93        491        651
        93        453        491        871
       174         94        492        652
        94        454        492        872
       175         95        493        653
        95        455        493        873
       176         96        494        654
        96        456        494        874
       177         97        495        655
        97        457        495        875
       178         98        496        656
        98        458        496        876
       179         99        497        657
        99        459        497        877
       180        100        498        658
       100        460        498        878
       181        101        499        659
       101        461        499        879
       182        102        500        660
       102        462        500        880
       183        104        501        661
       104        584        501        742
       184        105        502        662
       105        585        502        743
       185        106        503        663
       106        586        503        744
       186        107        504        664
       107        587        504        745
       187        103        505        665
       103        583        505        741
       188        108        506        666
       108        588        506        761
       189        112        507        667
       112        592        507        762
       190        115        508        668
       115        595        508        763
       191        118        509        669
       118        598        509        764
       192        139        510        670
       139        499        510        765
       193        143        511        671
       143        503        511        766
       194        146        512        672
       146        506        512        767
       195        149        513        673
       149        509        513        768
       196        151        514        674
       151        511        514        769
       197        141        515        675
       141        501        515        770
       198        123        516        676
       123        603        516        751
       199        126        517        677
       126        606        517        752
       200        128        518        678
       128        608        518        753
       201        130        519        679
       130        610        519        754
       202        154        520        680
       154        514        520        755
       203        133        521        681
       133        493        521        785
       204        134        522        682
       134        494        522        781
       205        135        523        683
       135        495        523        782
       206        136        524        684
       136        496        524        783
       207        137        525        685
       137        497        525        784
       208        140        526        686
       140        500        526        775
       209        144        527        687
       144        504        527        771
       210        147        528        688
       147        507        528        772
       211        150        529        689
       150        510        529        773
       212        152        530        690
       152        512        530        774
       213        153        531        691
       153        513        531        796
       214        156        532        692
       156        516        532        797
       215        158        533        693
       158        518        533        798
       216        160        534        694
       160        520        534        799
       217        124        535        695
       124        604        535        800
       218        155        536        696
       155        515        536        780
       219        157        537        697
       157        517        537        776
       220        159        538        698
       159        519        538        777
       221        161        539        699
       161        521        539        778
       222        162        540        700
       162        522        540        779
       223        138        541        701
       138        498        541        786
       224        142        542        702
       142        502        542        787
       225        145        543        703
       145        505        543        788
       226        148        544        704
       148        508        544        789
       227        109        545        705
       109        589        545        790
       228        113        546        706
       113        593        546        791
       229        116        547        707
       116        596        547        792
       230        119        548        708
       119        599        548        793
       231        121        549        709
       121        601        549        794
       232        111        550        710
       111        591        550        795
       233        114        551        711
       114        594        551        747
       234        117        552        712
       117        597        552        748
       235        120        553        713
       120        600        553        749
       236        122        554        714
       122        602        554        750
       237        110        555        715
       110        590        555        746
       238        127        556        716
       127        607        556        757
       239        129        557        717
       129        609        557        758
       240        131        558        718
       131        611        558        759
       241        132        559        719
       132        612        559        760
       242        125        560        720
       125        605        560        756
       323         63        561        961
        63        543        561        821
       324         64        562        962
        64        544        562        822
       325         65        563        963
        65        545        563        823
       326         66        564        964
        66        546        564        824
       327         67        565        965
        67        547        565        825
       328         68        566        966
        68        548        566        826
       329         69        567        967
        69        549        567        827
       330         70        568        968
        70        550        568        828
       331         71        569        969
        71        551        569        829
       332         72        570        970
        72        552        570        830
       333         73        571        971
        73        553        571        831
       334         74        572        972
        74        554        572        832
       335         75        573        973
        75        555        573        833
       336         76        574        974
        76        556        574        834
       337         77        575        975
        77        557        575        835
       338         78        576        976
        78        558        576        836
       339         79        577        977
        79        559        577        837
       340         80        578        978
        80        560        578        838
       341         81        579        979
        81        561        579        839
       342         82        580        980
        82        562        580        840
       343        103        581        981
       103        463        581        905
       344        104        582        982
       104        464        582        901
       345        105        583        983
       105        465        583        902
       346        106        584        984
       106        466        584        903
       347        107        585        985
       107        467        585        904
       348        110        586        986
       110        470        586        955
       349        114        587        987
       114        474        587        951
       350        117        588        988
       117        477        588        952
       351        120        589        989
       120        480        589        953
       352        122        590        990
       122        482        590        954
       353        123        591        991
       123        483        591        916
       354        126        592        992
       126        486        592        917
       355        128        593        993
       128        488        593        918
       356        130        594        994
       130        490        594        919
       357        154        595        995
       154        634        595        920
       358        125        596        996
       125        485        596        960
       359        127        597        997
       127        487        597        956
       360        129        598        998
       129        489        598        957
       361        131        599        999
       131        491        599        958
       362        132        600       1000
       132        492        600        959
       363        108        601       1001
       108        468        601        906
       364        112        602       1002
       112        472        602        907
       365        115        603       1003
       115        475        603        908
       366        118        604       1004
       118        478        604        909
       367        139        605       1005
       139        619        605        910
       368        143        606       1006
       143        623        606        911
       369        146        607       1007
       146        626        607        912
       370        149        608       1008
       149        629        608        913
       371        151        609       1009
       151        631        609        914
       372        141        610       1010
       141        621        610        915
       373        144        611       1011
       144        624        611        927
       374        147        612       1012
       147        627        612        928
       375        150        613       1013
       150        630        613        929
       376        152        614       1014
       152        632        614        930
       377        140        615       1015
       140        620        615        926
       378        157        616       1016
       157        637        616        937
       379        159        617       1017
       159        639        617        938
       380        161        618       1018
       161        641        618        939
       381        162        619       1019
       162        642        619        940
       382        155        620       1020
       155        635        620        936
       383        134        621       1021
       134        614        621        922
       384        135        622       1022
       135        615        622        923
       385        136        623       1023
       136        616        623        924
       386        137        624       1024
       137        617        624        925
       387        133        625       1025
       133        613        625        921
       388        138        626       1026
       138        618        626        941
       389        142        627       1027
       142        622        627        942
       390        145        628       1028
       145        625        628        943
       391        148        629       1029
       148        628        629        944
       392        109        630       1030
       109        469        630        945
       393        113        631       1031
       113        473        631        946
       394        116        632       1032
       116        476        632        947
       395        119        633       1033
       119        479        633        948
       396        121        634       1034
       121        481        634        949
       397        111        635       1035
       111        471        635        950
       398        153        636       1036
       153        633        636        931
       399        156        637       1037
       156        636        637        932
       400        158        638       1038
       158        638        638        933
       401        160        639       1039
       160        640        639        934
       402        124        640       1040
       124        484        640        935
       323         83        641        881
       324         84        642        882
       325         85        643        883
       326         86        644        884
       327         87        645        885
       328         88        646        886
       329         89        647        887
       330         90        648        888
       331         91        649        889
       332         92        650        890
       333         93        651        891
       334         94        652        892
       335         95        653        893
       336         96        654        894
       337         97        655        895
       338         98        656        896
       339         99        657        897
       340        100        658        898
       341        101        659        899
       342        102        660        900
       343        104        661        901
       344        105        662        902
       345        106        663        903
       346        107        664        904
       347        103        665        905
       348        108        666        906
       349        112        667        907
       350        115        668        908
       351        118        669        909
       352        139        670        910
       353        143        671        911
       354        146        672        912
       355        149        673        913
       356        151        674        914
       357        141        675        915
       358        123        676        916
       359        126        677        917
       360        128        678        918
       361        130        679        919
       362        154        680        920
       363        133        681        921
       364        134        682        922
       365        135        683        923
       366        136        684        924
       367        137        685        925
       368        140        686        926
       369        144        687        927
       370        147        688        928
       371        150        689        929
       372        152        690        930
       373        153        691        931
       374        156        692        932
       375        158        693        933
       376        160        694        934
       377        124        695        935
       378        155        696        936
       379        157        697        937
       380        159        698        938
       381        161        699        939
       382        162        700        940
       383        138        701        941
       384        142        702        942
       385        145        703        943
       386        148        704        944
       387        109        705        945
       388        113        706        946
       389        116        707        947
       390        119        708        948
       391        121        709        949
       392        111        710        950
       393        114        711        951
       394        117        712        952
       395        120        713        953
       396        122        714        954
       397        110        715        955
       398        127        716        956
       399        129        717        957
       400        131        718        958
       401        132        719        959
       402        125        720        960
        63        243        721        961
        64        244        722        962
        65        245        723        963
        66        246        724        964
        67        247        725        965
        68        248        726        966
        69        249        727        967
        70        250        728        968
        71        251        729        969
        72        252        730        970
        73        253        731        971
        74        254        732        972
        75        255        733        973
        76        256        734        974
        77        257        735        975
        78        258        736        976
        79        259        737        977
        80        260        738        978
        81        261        739        979
        82        262        740        980
       103        263        741        981
       104        264        742        982
       105        265        743        983
       106        266        744        984
       107        267        745        985
       110        268        746        986
       114        269        747        987
       117        270        748        988
       120        271        749        989
       122        272        750        990
       123        273        751        991
       126        274        752        992
       128        275        753        993
       130        276        754        994
       154        277        755        995
       125        278        756        996
       127        279        757        997
       129        280        758        998
       131        281        759        999
       132        282        760       1000
       108        283        761       1001
       112        284        762       1002
       115        285        763       1003
       118        286        764       1004
       139        287        765       1005
       143        288        766       1006
       146        289        767       1007
       149        290        768       1008
       151        291        769       1009
       141        292        770       1010
       144        293        771       1011
       147        294        772       1012
       150        295        773       1013
       152        296        774       1014
       140        297        775       1015
       157        298        776       1016
       159        299        777       1017
       161        300        778       1018
       162        301        779       1019
       155        302        780       1020
       134        303        781       1021
       135        304        782       1022
       136        305        783       1023
       137        306        784       1024
       133        307        785       1025
       138        308        786       1026
       142        309        787       1027
       145        310        788       1028
       148        311        789       1029
       109        312        790       1030
       113        313        791       1031
       116        314        792       1032
       119        315        793       1033
       121        316        794       1034
       111        317        795       1035
       153        318        796       1036
       156        319        797       1037
       158        320        798       1038
       160        321        799       1039
       124        322        800       1040
       403         13       1041       1161
        13        423       1041       1061
       404         14       1042       1162
        14        424       1042       1062
       405         15       1043       1163
        15        425       1043       1063
       406         16       1044       1164
        16        426       1044       1064
       407         17       1045       1165
        17        427       1045       1065
       408         20       1046       1166
        20        428       1046       1066
       409         24       1047       1167
        24        429       1047       1067
       410         27       1048       1168
        27        430       1048       1068
       411         30       1049       1169
        30        431       1049       1069
       412         32       1050       1170
        32        432       1050       1070
       413         33       1051       1171
        33        433       1051       1071
       414         36       1052       1172
        36        434       1052       1072
       415         38       1053       1173
        38        435       1053       1073
       416         40       1054       1174
        40        436       1054       1074
       417         34       1055       1175
        34        437       1055       1075
       418         35       1056       1176
        35        438       1056       1076
       419         37       1057       1177
        37        439       1057       1077
       420         39       1058       1178
        39        440       1058       1078
       421         41       1059       1179
        41        441       1059       1079
       422         42       1060       1180
        42        442       1060       1080
        13        583       1061       1145
        14        584       1062       1141
        15        585       1063       1142
        16        586       1064       1143
        17        587       1065       1144
        20        590       1066       1195
        24        594       1067       1191
        27        597       1068       1192
        30        600       1069       1193
        32        602       1070       1194
        33        603       1071       1156
        36        606       1072       1157
        38        608       1073       1158
        40        610       1074       1159
        34        514       1075       1160
        35        605       1076       1200
        37        607       1077       1196
        39        609       1078       1197
        41        611       1079       1198
        42        612       1080       1199
       523         18       1081       1121
        18        588       1081       1146
       524         22       1082       1122
        22        592       1082       1147
       525         25       1083       1123
        25        595       1083       1148
       526         28       1084       1124
        28        598       1084       1149
       527         19       1085       1125
        19        499       1085       1150
       528         23       1086       1126
        23        503       1086       1151
       529         26       1087       1127
        26        506       1087       1152
       530         29       1088       1128
        29        509       1088       1153
       531         31       1089       1129
        31        511       1089       1154
       532         21       1090       1130
        21        501       1090       1155
       533         24       1091       1131
        24        504       1091       1167
       534         27       1092       1132
        27        507       1092       1168
       535         30       1093       1133
        30        510       1093       1169
       536         32       1094       1134
        32        512       1094       1170
       537         20       1095       1135
        20        500       1095       1166
       538         37       1096       1136
        37        517       1096       1177
       539         39       1097       1137
        39        519       1097       1178
       540         41       1098       1138
        41        521       1098       1179
       541         42       1099       1139
        42        522       1099       1180
       542         35       1100       1140
        35        515       1100       1176
       563         14       1101       1201
        14        494       1101       1162
       564         15       1102       1202
        15        495       1102       1163
       565         16       1103       1203
        16        496       1103       1164
       566         17       1104       1204
        17        497       1104       1165
       567         13       1105       1205
        13        493       1105       1161
       568         18       1106       1206
        18        498       1106       1181
       569         22       1107       1207
        22        502       1107       1182
       570         25       1108       1208
        25        505       1108       1183
       571         28       1109       1209
        28        508       1109       1184
       572         19       1110       1210
        19        589       1110       1185
       573         23       1111       1211
        23        593       1111       1186
       574         26       1112       1212
        26        596       1112       1187
       575         29       1113       1213
        29        599       1113       1188
       576         31       1114       1214
        31        601       1114       1189
       577         21       1115       1215
        21        591       1115       1190
       578         33       1116       1216
        33        513       1116       1171
       579         36       1117       1217
        36        516       1117       1172
       580         38       1118       1218
        38        518       1118       1173
       581         40       1119       1219
        40        520       1119       1174
       582         34       1120       1220
        34        604       1120       1175
       443         18       1121       1181
       444         22       1122       1182
       445         25       1123       1183
       446         28       1124       1184
       447         19       1125       1185
       448         23       1126       1186
       449         26       1127       1187
       450         29       1128       1188
       451         31       1129       1189
       452         21       1130       1190
       453         24       1131       1191
       454         27       1132       1192
       455         30       1133       1193
       456         32       1134       1194
       457         20       1135       1195
       458         37       1136       1196
       459         39       1137       1197
       460         41       1138       1198
       461         42       1139       1199
       462         35       1140       1200
        14        543       1141       1201
        15        544       1142       1202
        16        545       1143       1203
        17        546       1144       1204
        13        547       1145       1205
        18        548       1146       1206
        22        549       1147       1207
        25        550       1148       1208
        28        551       1149       1209
        19        552       1150       1210
        23        553       1151       1211
        26        554       1152       1212
        29        555       1153       1213
        31        556       1154       1214
        21        557       1155       1215
        33        558       1156       1216
        36        559       1157       1217
        38        560       1158       1218
        40        561       1159       1219
        34        562       1160       1220
       463          1       1221       1225
         1        464       1221       1222
         1        465       1222       1223
         1        466       1223       1224
         1        467       1224       1225
       470          2       1226       1275
         2        468       1226       1241
       474          3       1227       1271
         3        472       1227       1242
       477          4       1228       1272
         4        475       1228       1243
       480          5       1229       1273
         5        478       1229       1244
       482          6       1230       1274
         6        619       1230       1245
       483          7       1231       1236
         7        623       1231       1246
       486          8       1232       1237
         8        626       1232       1247
       488          9       1233       1238
         9        629       1233       1248
       490         10       1234       1239
        10        631       1234       1249
       634         11       1235       1240
        11        621       1235       1250
       485          7       1236       1280
       487          8       1237       1276
       489          9       1238       1277
       491         10       1239       1278
       492         11       1240       1279
         2        613       1241       1265
         3        614       1242       1261
         4        615       1243       1262
         5        616       1244       1263
         6        617       1245       1264
         7        620       1246       1255
         8        624       1247       1251
         9        627       1248       1252
        10        630       1249       1253
        11        632       1250       1254
         8        633       1251       1276
         9        636       1252       1277
        10        638       1253       1278
        11        640       1254       1279
         7        484       1255       1280
       637         12       1256       1257
        12        635       1256       1260
       639         12       1257       1258
       641         12       1258       1259
       642         12       1259       1260
         3        618       1261       1266
         4        622       1262       1267
         5        625       1263       1268
         6        628       1264       1269
         2        469       1265       1270
         3        473       1266       1271
         4        476       1267       1272
         5        479       1268       1273
         6        481       1269       1274
         2        471       1270       1275
