       323        163        243
       324        164        244
       325        165        245
       326        166        246
       327        167        247
       328        168        248
       329        169        249
       330        170        250
       331        171        251
       332        172        252
       333        173        253
       334        174        254
       335        175        255
       336        176        256
       337        177        257
       338        178        258
       339        179        259
       340        180        260
       341        181        261
       342        182        262
       343        183        263
       344        184        264
       345        185        265
       346        186        266
       347        187        267
       348        188        268
       349        189        269
       350        190        270
       351        191        271
       352        192        272
       353        193        273
       354        194        274
       355        195        275
       356        196        276
       357        197        277
       358        198        278
       359        199        279
       360        200        280
       361        201        281
       362        202        282
       363        203        283
       364        204        284
       365        205        285
       366        206        286
       367        207        287
       368        208        288
       369        209        289
       370        210        290
       371        211        291
       372        212        292
       373        213        293
       374        214        294
       375        215        295
       376        216        296
       377        217        297
       378        218        298
       379        219        299
       380        220        300
       381        221        301
       382        222        302
       383        223        303
       384        224        304
       385        225        305
       386        226        306
       387        227        307
       388        228        308
       389        229        309
       390        230        310
       391        231        311
       392        232        312
       393        233        313
       394        234        314
       395        235        315
       396        236        316
       397        237        317
       398        238        318
       399        239        319
       400        240        320
       401        241        321
       402        242        322
       423        243        403
       424        244        404
       425        245        405
       426        246        406
       427        247        407
       428        248        408
       429        249        409
       430        250        410
       431        251        411
       432        252        412
       433        253        413
       434        254        414
       435        255        415
       436        256        416
       437        257        417
       438        258        418
       439        259        419
       440        260        420
       441        261        421
       442        262        422
       583        263        423
       584        264        424
       585        265        425
       586        266        426
       587        267        427
       590        268        428
       594        269        429
       597        270        430
       600        271        431
       602        272        432
       603        273        433
       606        274        434
       608        275        435
       610        276        436
       514        277        437
       605        278        438
       607        279        439
       609        280        440
       611        281        441
       612        282        442
       588        283        523
       592        284        524
       595        285        525
       598        286        526
       499        287        527
       503        288        528
       506        289        529
       509        290        530
       511        291        531
       501        292        532
       504        293        533
       507        294        534
       510        295        535
       512        296        536
       500        297        537
       517        298        538
       519        299        539
       521        300        540
       522        301        541
       515        302        542
       494        303        563
       495        304        564
       496        305        565
       497        306        566
       493        307        567
       498        308        568
       502        309        569
       505        310        570
       508        311        571
       589        312        572
       593        313        573
       596        314        574
       599        315        575
       601        316        576
       591        317        577
       513        318        578
       516        319        579
       518        320        580
       520        321        581
       604        322        582
       523        163        443
       524        164        444
       525        165        445
       526        166        446
       527        167        447
       528        168        448
       529        169        449
       530        170        450
       531        171        451
       532        172        452
       533        173        453
       534        174        454
       535        175        455
       536        176        456
       537        177        457
       538        178        458
       539        179        459
       540        180        460
       541        181        461
       542        182        462
       543        183        584
       544        184        585
       545        185        586
       546        186        587
       547        187        583
       548        188        588
       549        189        592
       550        190        595
       551        191        598
       552        192        499
       553        193        503
       554        194        506
       555        195        509
       556        196        511
       557        197        501
       558        198        603
       559        199        606
       560        200        608
       561        201        610
       562        202        514
       403        203        493
       404        204        494
       405        205        495
       406        206        496
       407        207        497
       408        208        500
       409        209        504
       410        210        507
       411        211        510
       412        212        512
       413        213        513
       414        214        516
       415        215        518
       416        216        520
       417        217        604
       418        218        515
       419        219        517
       420        220        519
       421        221        521
       422        222        522
       443        223        498
       444        224        502
       445        225        505
       446        226        508
       447        227        589
       448        228        593
       449        229        596
       450        230        599
       451        231        601
       452        232        591
       453        233        594
       454        234        597
       455        235        600
       456        236        602
       457        237        590
       458        238        607
       459        239        609
       460        240        611
       461        241        612
       462        242        605
       563        323        543
       564        324        544
       565        325        545
       566        326        546
       567        327        547
       568        328        548
       569        329        549
       570        330        550
       571        331        551
       572        332        552
       573        333        553
       574        334        554
       575        335        555
       576        336        556
       577        337        557
       578        338        558
       579        339        559
       580        340        560
       581        341        561
       582        342        562
       464        343        463
       465        344        464
       466        345        465
       467        346        466
       463        347        467
       468        348        470
       472        349        474
       475        350        477
       478        351        480
       619        352        482
       623        353        483
       626        354        486
       629        355        488
       631        356        490
       621        357        634
       483        358        485
       486        359        487
       488        360        489
       490        361        491
       634        362        492
       613        363        468
       614        364        472
       615        365        475
       616        366        478
       617        367        619
       620        368        623
       624        369        626
       627        370        629
       630        371        631
       632        372        621
       633        373        624
       636        374        627
       638        375        630
       640        376        632
       484        377        620
       635        378        637
       637        379        639
       639        380        641
       641        381        642
       642        382        635
       618        383        614
       622        384        615
       625        385        616
       628        386        617
       469        387        613
       473        388        618
       476        389        622
       479        390        625
       481        391        628
       471        392        469
       474        393        473
       477        394        476
       480        395        479
       482        396        481
       470        397        471
       487        398        633
       489        399        636
       491        400        638
       492        401        640
       485        402        484
       243        163         43
       244        164         44
       245        165         45
       246        166         46
       247        167         47
       248        168         48
       249        169         49
       250        170         50
       251        171         51
       252        172         52
       253        173         53
       254        174         54
       255        175         55
       256        176         56
       257        177         57
       258        178         58
       259        179         59
       260        180         60
       261        181         61
       262        182         62
       263        183         63
       264        184         64
       265        185         65
       266        186         66
       267        187         67
       268        188         68
       269        189         69
       270        190         70
       271        191         71
       272        192         72
       273        193         73
       274        194         74
       275        195         75
       276        196         76
       277        197         77
       278        198         78
       279        199         79
       280        200         80
       281        201         81
       282        202         82
       283        203         43
       284        204         44
       285        205         45
       286        206         46
       287        207         47
       288        208         48
       289        209         49
       290        210         50
       291        211         51
       292        212         52
       293        213         53
       294        214         54
       295        215         55
       296        216         56
       297        217         57
       298        218         58
       299        219         59
       300        220         60
       301        221         61
       302        222         62
       303        223         83
       304        224         84
       305        225         85
       306        226         86
       307        227         87
       308        228         88
       309        229         89
       310        230         90
       311        231         91
       312        232         92
       313        233         93
       314        234         94
       315        235         95
       316        236         96
       317        237         97
       318        238         98
       319        239         99
       320        240        100
       321        241        101
       322        242        102
       403        243         43
       404        244         44
       405        245         45
       406        246         46
       407        247         47
       408        248         48
       409        249         49
       410        250         50
       411        251         51
       412        252         52
       413        253         53
       414        254         54
       415        255         55
       416        256         56
       417        257         57
       418        258         58
       419        259         59
       420        260         60
       421        261         61
       422        262         62
       423        263         63
       424        264         64
       425        265         65
       426        266         66
       427        267         67
       428        268         68
       429        269         69
       430        270         70
       431        271         71
       432        272         72
       433        273         73
       434        274         74
       435        275         75
       436        276         76
       437        277         77
       438        278         78
       439        279         79
       440        280         80
       441        281         81
       442        282         82
       523        283         43
       524        284         44
       525        285         45
       526        286         46
       527        287         47
       528        288         48
       529        289         49
       530        290         50
       531        291         51
       532        292         52
       533        293         53
       534        294         54
       535        295         55
       536        296         56
       537        297         57
       538        298         58
       539        299         59
       540        300         60
       541        301         61
       542        302         62
       563        303         83
       564        304         84
       565        305         85
       566        306         86
       567        307         87
       568        308         88
       569        309         89
       570        310         90
       571        311         91
       572        312         92
       573        313         93
       574        314         94
       575        315         95
       576        316         96
       577        317         97
       578        318         98
       579        319         99
       580        320        100
       581        321        101
       582        322        102
       443        163         83
       444        164         84
       445        165         85
       446        166         86
       447        167         87
       448        168         88
       449        169         89
       450        170         90
       451        171         91
       452        172         92
       453        173         93
       454        174         94
       455        175         95
       456        176         96
       457        177         97
       458        178         98
       459        179         99
       460        180        100
       461        181        101
       462        182        102
       584        183        104
       585        184        105
       586        185        106
       587        186        107
       583        187        103
       588        188        108
       592        189        112
       595        190        115
       598        191        118
       499        192        139
       503        193        143
       506        194        146
       509        195        149
       511        196        151
       501        197        141
       603        198        123
       606        199        126
       608        200        128
       610        201        130
       514        202        154
       493        203        133
       494        204        134
       495        205        135
       496        206        136
       497        207        137
       500        208        140
       504        209        144
       507        210        147
       510        211        150
       512        212        152
       513        213        153
       516        214        156
       518        215        158
       520        216        160
       604        217        124
       515        218        155
       517        219        157
       519        220        159
       521        221        161
       522        222        162
       498        223        138
       502        224        142
       505        225        145
       508        226        148
       589        227        109
       593        228        113
       596        229        116
       599        230        119
       601        231        121
       591        232        111
       594        233        114
       597        234        117
       600        235        120
       602        236        122
       590        237        110
       607        238        127
       609        239        129
       611        240        131
       612        241        132
       605        242        125
       543        323         63
       544        324         64
       545        325         65
       546        326         66
       547        327         67
       548        328         68
       549        329         69
       550        330         70
       551        331         71
       552        332         72
       553        333         73
       554        334         74
       555        335         75
       556        336         76
       557        337         77
       558        338         78
       559        339         79
       560        340         80
       561        341         81
       562        342         82
       463        343        103
       464        344        104
       465        345        105
       466        346        106
       467        347        107
       470        348        110
       474        349        114
       477        350        117
       480        351        120
       482        352        122
       483        353        123
       486        354        126
       488        355        128
       490        356        130
       634        357        154
       485        358        125
       487        359        127
       489        360        129
       491        361        131
       492        362        132
       468        363        108
       472        364        112
       475        365        115
       478        366        118
       619        367        139
       623        368        143
       626        369        146
       629        370        149
       631        371        151
       621        372        141
       624        373        144
       627        374        147
       630        375        150
       632        376        152
       620        377        140
       637        378        157
       639        379        159
       641        380        161
       642        381        162
       635        382        155
       614        383        134
       615        384        135
       616        385        136
       617        386        137
       613        387        133
       618        388        138
       622        389        142
       625        390        145
       628        391        148
       469        392        109
       473        393        113
       476        394        116
       479        395        119
       481        396        121
       471        397        111
       633        398        153
       636        399        156
       638        400        158
       640        401        160
       484        402        124
       163        323         83
       164        324         84
       165        325         85
       166        326         86
       167        327         87
       168        328         88
       169        329         89
       170        330         90
       171        331         91
       172        332         92
       173        333         93
       174        334         94
       175        335         95
       176        336         96
       177        337         97
       178        338         98
       179        339         99
       180        340        100
       181        341        101
       182        342        102
       183        343        104
       184        344        105
       185        345        106
       186        346        107
       187        347        103
       188        348        108
       189        349        112
       190        350        115
       191        351        118
       192        352        139
       193        353        143
       194        354        146
       195        355        149
       196        356        151
       197        357        141
       198        358        123
       199        359        126
       200        360        128
       201        361        130
       202        362        154
       203        363        133
       204        364        134
       205        365        135
       206        366        136
       207        367        137
       208        368        140
       209        369        144
       210        370        147
       211        371        150
       212        372        152
       213        373        153
       214        374        156
       215        375        158
       216        376        160
       217        377        124
       218        378        155
       219        379        157
       220        380        159
       221        381        161
       222        382        162
       223        383        138
       224        384        142
       225        385        145
       226        386        148
       227        387        109
       228        388        113
       229        389        116
       230        390        119
       231        391        121
       232        392        111
       233        393        114
       234        394        117
       235        395        120
       236        396        122
       237        397        110
       238        398        127
       239        399        129
       240        400        131
       241        401        132
       242        402        125
       243        423         63
       244        424         64
       245        425         65
       246        426         66
       247        427         67
       248        428         68
       249        429         69
       250        430         70
       251        431         71
       252        432         72
       253        433         73
       254        434         74
       255        435         75
       256        436         76
       257        437         77
       258        438         78
       259        439         79
       260        440         80
       261        441         81
       262        442         82
       263        583        103
       264        584        104
       265        585        105
       266        586        106
       267        587        107
       268        590        110
       269        594        114
       270        597        117
       271        600        120
       272        602        122
       273        603        123
       274        606        126
       275        608        128
       276        610        130
       277        514        154
       278        605        125
       279        607        127
       280        609        129
       281        611        131
       282        612        132
       283        588        108
       284        592        112
       285        595        115
       286        598        118
       287        499        139
       288        503        143
       289        506        146
       290        509        149
       291        511        151
       292        501        141
       293        504        144
       294        507        147
       295        510        150
       296        512        152
       297        500        140
       298        517        157
       299        519        159
       300        521        161
       301        522        162
       302        515        155
       303        494        134
       304        495        135
       305        496        136
       306        497        137
       307        493        133
       308        498        138
       309        502        142
       310        505        145
       311        508        148
       312        589        109
       313        593        113
       314        596        116
       315        599        119
       316        601        121
       317        591        111
       318        513        153
       319        516        156
       320        518        158
       321        520        160
       322        604        124
       163        523         43
       164        524         44
       165        525         45
       166        526         46
       167        527         47
       168        528         48
       169        529         49
       170        530         50
       171        531         51
       172        532         52
       173        533         53
       174        534         54
       175        535         55
       176        536         56
       177        537         57
       178        538         58
       179        539         59
       180        540         60
       181        541         61
       182        542         62
       183        543         63
       184        544         64
       185        545         65
       186        546         66
       187        547         67
       188        548         68
       189        549         69
       190        550         70
       191        551         71
       192        552         72
       193        553         73
       194        554         74
       195        555         75
       196        556         76
       197        557         77
       198        558         78
       199        559         79
       200        560         80
       201        561         81
       202        562         82
       203        403         43
       204        404         44
       205        405         45
       206        406         46
       207        407         47
       208        408         48
       209        409         49
       210        410         50
       211        411         51
       212        412         52
       213        413         53
       214        414         54
       215        415         55
       216        416         56
       217        417         57
       218        418         58
       219        419         59
       220        420         60
       221        421         61
       222        422         62
       223        443         83
       224        444         84
       225        445         85
       226        446         86
       227        447         87
       228        448         88
       229        449         89
       230        450         90
       231        451         91
       232        452         92
       233        453         93
       234        454         94
       235        455         95
       236        456         96
       237        457         97
       238        458         98
       239        459         99
       240        460        100
       241        461        101
       242        462        102
       323        563         83
       324        564         84
       325        565         85
       326        566         86
       327        567         87
       328        568         88
       329        569         89
       330        570         90
       331        571         91
       332        572         92
       333        573         93
       334        574         94
       335        575         95
       336        576         96
       337        577         97
       338        578         98
       339        579         99
       340        580        100
       341        581        101
       342        582        102
       343        464        104
       344        465        105
       345        466        106
       346        467        107
       347        463        103
       348        468        108
       349        472        112
       350        475        115
       351        478        118
       352        619        139
       353        623        143
       354        626        146
       355        629        149
       356        631        151
       357        621        141
       358        483        123
       359        486        126
       360        488        128
       361        490        130
       362        634        154
       363        613        133
       364        614        134
       365        615        135
       366        616        136
       367        617        137
       368        620        140
       369        624        144
       370        627        147
       371        630        150
       372        632        152
       373        633        153
       374        636        156
       375        638        158
       376        640        160
       377        484        124
       378        635        155
       379        637        157
       380        639        159
       381        641        161
       382        642        162
       383        618        138
       384        622        142
       385        625        145
       386        628        148
       387        469        109
       388        473        113
       389        476        116
       390        479        119
       391        481        121
       392        471        111
       393        474        114
       394        477        117
       395        480        120
       396        482        122
       397        470        110
       398        487        127
       399        489        129
       400        491        131
       401        492        132
       402        485        125
       323        243         63
       324        244         64
       325        245         65
       326        246         66
       327        247         67
       328        248         68
       329        249         69
       330        250         70
       331        251         71
       332        252         72
       333        253         73
       334        254         74
       335        255         75
       336        256         76
       337        257         77
       338        258         78
       339        259         79
       340        260         80
       341        261         81
       342        262         82
       343        263        103
       344        264        104
       345        265        105
       346        266        106
       347        267        107
       348        268        110
       349        269        114
       350        270        117
       351        271        120
       352        272        122
       353        273        123
       354        274        126
       355        275        128
       356        276        130
       357        277        154
       358        278        125
       359        279        127
       360        280        129
       361        281        131
       362        282        132
       363        283        108
       364        284        112
       365        285        115
       366        286        118
       367        287        139
       368        288        143
       369        289        146
       370        290        149
       371        291        151
       372        292        141
       373        293        144
       374        294        147
       375        295        150
       376        296        152
       377        297        140
       378        298        157
       379        299        159
       380        300        161
       381        301        162
       382        302        155
       383        303        134
       384        304        135
       385        305        136
       386        306        137
       387        307        133
       388        308        138
       389        309        142
       390        310        145
       391        311        148
       392        312        109
       393        313        113
       394        314        116
       395        315        119
       396        316        121
       397        317        111
       398        318        153
       399        319        156
       400        320        158
       401        321        160
       402        322        124
       423        403         13
       424        404         14
       425        405         15
       426        406         16
       427        407         17
       428        408         20
       429        409         24
       430        410         27
       431        411         30
       432        412         32
       433        413         33
       434        414         36
       435        415         38
       436        416         40
       437        417         34
       438        418         35
       439        419         37
       440        420         39
       441        421         41
       442        422         42
       583        423         13
       584        424         14
       585        425         15
       586        426         16
       587        427         17
       590        428         20
       594        429         24
       597        430         27
       600        431         30
       602        432         32
       603        433         33
       606        434         36
       608        435         38
       610        436         40
       514        437         34
       605        438         35
       607        439         37
       609        440         39
       611        441         41
       612        442         42
       588        523         18
       592        524         22
       595        525         25
       598        526         28
       499        527         19
       503        528         23
       506        529         26
       509        530         29
       511        531         31
       501        532         21
       504        533         24
       507        534         27
       510        535         30
       512        536         32
       500        537         20
       517        538         37
       519        539         39
       521        540         41
       522        541         42
       515        542         35
       494        563         14
       495        564         15
       496        565         16
       497        566         17
       493        567         13
       498        568         18
       502        569         22
       505        570         25
       508        571         28
       589        572         19
       593        573         23
       596        574         26
       599        575         29
       601        576         31
       591        577         21
       513        578         33
       516        579         36
       518        580         38
       520        581         40
       604        582         34
       523        443         18
       524        444         22
       525        445         25
       526        446         28
       527        447         19
       528        448         23
       529        449         26
       530        450         29
       531        451         31
       532        452         21
       533        453         24
       534        454         27
       535        455         30
       536        456         32
       537        457         20
       538        458         37
       539        459         39
       540        460         41
       541        461         42
       542        462         35
       543        584         14
       544        585         15
       545        586         16
       546        587         17
       547        583         13
       548        588         18
       549        592         22
       550        595         25
       551        598         28
       552        499         19
       553        503         23
       554        506         26
       555        509         29
       556        511         31
       557        501         21
       558        603         33
       559        606         36
       560        608         38
       561        610         40
       562        514         34
       403        493         13
       404        494         14
       405        495         15
       406        496         16
       407        497         17
       408        500         20
       409        504         24
       410        507         27
       411        510         30
       412        512         32
       413        513         33
       414        516         36
       415        518         38
       416        520         40
       417        604         34
       418        515         35
       419        517         37
       420        519         39
       421        521         41
       422        522         42
       443        498         18
       444        502         22
       445        505         25
       446        508         28
       447        589         19
       448        593         23
       449        596         26
       450        599         29
       451        601         31
       452        591         21
       453        594         24
       454        597         27
       455        600         30
       456        602         32
       457        590         20
       458        607         37
       459        609         39
       460        611         41
       461        612         42
       462        605         35
       563        543         14
       564        544         15
       565        545         16
       566        546         17
       567        547         13
       568        548         18
       569        549         22
       570        550         25
       571        551         28
       572        552         19
       573        553         23
       574        554         26
       575        555         29
       576        556         31
       577        557         21
       578        558         33
       579        559         36
       580        560         38
       581        561         40
       582        562         34
       464        463          1
       465        464          1
       466        465          1
       467        466          1
       463        467          1
       468        470          2
       472        474          3
       475        477          4
       478        480          5
       619        482          6
       623        483          7
       626        486          8
       629        488          9
       631        490         10
       621        634         11
       483        485          7
       486        487          8
       488        489          9
       490        491         10
       634        492         11
       613        468          2
       614        472          3
       615        475          4
       616        478          5
       617        619          6
       620        623          7
       624        626          8
       627        629          9
       630        631         10
       632        621         11
       633        624          8
       636        627          9
       638        630         10
       640        632         11
       484        620          7
       635        637         12
       637        639         12
       639        641         12
       641        642         12
       642        635         12
       618        614          3
       622        615          4
       625        616          5
       628        617          6
       469        613          2
       473        618          3
       476        622          4
       479        625          5
       481        628          6
       471        469          2
       474        473          3
       477        476          4
       480        479          5
       482        481          6
       470        471          2
       487        633          8
       489        636          9
       491        638         10
       492        640         11
       485        484          7
