   0.704006075967528676563888437307E-001
   0.698996379902131822804446304685E-001
   0.703448137747032538533228095736E-001
   0.718081661031567180414276501342E-001
   0.715585711890030253822390951712E-001
   0.715762208091170990270623730970E-001
   0.693900842006650969813551753478E-001
   0.693993978503208291405055484265E-001
   0.692809545143927378206101136250E-001
   0.742099727327517045463632124640E-001
   0.741701948743310037286019977056E-001
   0.732722719241709336747783973124E-001
   0.719213456525821356657083825008E-001
   0.718307547274813978006745508711E-001
   0.704722379989145421793380463383E-001
   0.820403505728608175502202756277E-001
   0.807700718862757329608139978775E-001
   0.810042704568638384143156071806E-001
   0.763425007909501573477515950583E-001
   0.780035492070671125255078542506E-001
   0.782581138024271105718446041707E-001
   0.770591280631697678689423199835E-001
   0.771479851419052216746899037821E-001
   0.766519013669882461294315127162E-001
   0.768112295848642599211940615304E-001
   0.793579357380856478846421458959E-001
   0.795976006276802967507302565765E-001
   0.818075169082754262824948737967E-001
   0.816477960304600965979363244865E-001
   0.809798908368685098847488763920E-001
   0.806867672377324788996196709221E-001
   0.774962142200637130339601812770E-001
   0.839452018395905091115313390745E-001
   0.794459323642331588249049920437E-001
   0.826277775550330611263637729594E-001
   0.797516320457749275666857252587E-001
   0.813236534002211986714653958626E-001
   0.829114304077160709109037111015E-001
   0.821674846887658956207585765066E-001
   0.750984064406280080452995718437E-001
   0.749656629420726558939415328113E-001
   0.751497088954108431719932929954E-001
   0.767004822672791866210552326328E-001
   0.785378345921680346754412825033E-001
   0.747144037073436316957013649731E-001
   0.717278682638958121882383908995E-001
   0.716230605288899432375418395811E-001
   0.718982836682474757604312370728E-001
   0.700647630429568469734474777555E-001
   0.703216073567756065495128817428E-001
   0.701135397632041691603122773991E-001
   0.743997083116321344121101307986E-001
   0.746062033469855406343104369703E-001
   0.743716066667323324143081631777E-001
   0.733302837322858720323663475508E-001
   0.736612274443987211204442663244E-001
   0.704225831905312882700107528196E-001
   0.700558557763601403836435506958E-001
   0.721951863080527743706553338430E-001
   0.719393219070788061755987373040E-001
   0.630748012277873809737749589911E-001
   0.700446830656030576302541374766E-001
   0.633238563344581942053146660175E-001
   0.644460956136230200835113084042E-001
   0.718020356629329317882836515126E-001
   0.646230092621975383524047661420E-001
   0.647445744932037068982966394225E-001
   0.705525748767765802697760217102E-001
   0.638287095549403193478352763389E-001
   0.635722247704981274147976818286E-001
   0.709372929854680044523905747521E-001
   0.635723280041964197640080203097E-001
   0.625562365768252363598367053843E-001
   0.690586317136266282642921803116E-001
   0.623937886945369253206645782615E-001
   0.662634057927994400236269190915E-001
   0.794775996628065046567046131857E-001
   0.698721275455037955627842584184E-001
   0.672445755714160479641143095291E-001
   0.772008547344467000628520245129E-001
   0.688424399497507054267030910886E-001
   0.658566615345403233781819606911E-001
   0.771988407352932064049404072725E-001
   0.687757894735931646708140666362E-001
   0.678674772830237269583135435116E-001
   0.790252785672433474821586281785E-001
   0.703831234563372627307034757352E-001
   0.662291360584543472969881965011E-001
   0.762076227594913193502805467920E-001
   0.685810043977128391995458804752E-001
   0.702823633966717218879363644913E-001
   0.783130166952996033757732304776E-001
   0.657170489769841174802231094794E-001
   0.664860720669276883047470819548E-001
   0.754664384349061287414465184311E-001
   0.657679620585447312840721149612E-001
   0.685565059880364470094724310408E-001
   0.758667885967654282032524440876E-001
   0.640904981025914720471342658278E-001
   0.649514808432828616472141694361E-001
   0.728280625853374468378909748722E-001
   0.630655135118997101972317076573E-001
   0.633050495812531875328759605665E-001
   0.714576049379264825522831619437E-001
   0.615124444376755402206528468279E-001
   0.641334630519561580150987918862E-001
   0.720362504261055258699160637444E-001
   0.635767797492707037088879771386E-001
   0.636450856421408332264688961482E-001
   0.705410708244337622286580738047E-001
   0.636449346968392326307041147502E-001
   0.616062680152922967302799214226E-001
   0.693711643232979608801009596587E-001
   0.615378402353790044281171023657E-001
   0.602580660176769990204727604335E-001
   0.675407402968092442260160714083E-001
   0.600850836224592502227133503058E-001
   0.623449534880181774818537319876E-001
   0.723957283790570247299105225125E-001
   0.643008401649057804828758049308E-001
   0.616525838870474174540692343288E-001
   0.683094704157990699675805400383E-001
   0.614786051807937677445262196284E-001
   0.633853501129360045857201535528E-001
   0.718123162679235955386950016498E-001
   0.637461977403471915719805367774E-001
   0.623733125983243113785622079634E-001
   0.704450597805768542612146849251E-001
   0.627275241761743388107532423413E-001
   0.642491424617671468976250996204E-001
   0.739530337929292290981626967437E-001
   0.654856046057279882409983628527E-001
   0.625352211885098390518024087862E-001
   0.711907781489803558711452582439E-001
   0.633271673280499721940968217704E-001
   0.703244676016500785410351133955E-001
   0.786917976151685877555397121616E-001
   0.716513256611694025107059677314E-001
   0.676717125424757404906432694531E-001
   0.765253123470619078412532540466E-001
   0.681335343021416269210142425138E-001
   0.671589393365884097046790130905E-001
   0.753485538226457683455303576039E-001
   0.671772715012722913082883719101E-001
   0.697789359696200093098927449184E-001
   0.770413582475375045955606611937E-001
   0.669914366044204201105321759907E-001
   0.703385475944700526921010897464E-001
   0.773675514348966493079015788617E-001
   0.701851867768142409927538615347E-001
   0.624553608123870241765837720989E-001
   0.723791697729831478422930880920E-001
   0.637715019848873897868487293540E-001
   0.629394853335810443175927528836E-001
   0.768229271689634277428886428514E-001
   0.682934813823929483762400749788E-001
   0.650653872939203965186867228421E-001
   0.772329371884089559910613879619E-001
   0.697377447889639273615785289363E-001
   0.628292713200936478510524116844E-001
   0.725301500843469483152302017285E-001
   0.645396896554384108621844719187E-001
   0.644946625795904001494408156365E-001
   0.761340804548310244017841760375E-001
   0.677370406014178096756674655694E-001
   0.638569579273284207597065169411E-001
   0.698516440223947659196609956361E-001
   0.641814121113215657013803742760E-001
   0.668933459365327177708811137458E-001
   0.728648259961914219418340795835E-001
   0.654385063957498744618150117690E-001
   0.687934228003403826652520000667E-001
   0.762848340827883561376135541081E-001
   0.688298942560280380643838521215E-001
   0.689127398006145088239867571452E-001
   0.750549946872218509635262729641E-001
   0.681816050746204450821053198061E-001
   0.659313759796903476646065662004E-001
   0.742797177967621849677546844646E-001
   0.674704642258142494953114955965E-001
   0.625209013625378596340000167853E-001
   0.699556961645640523018292468502E-001
   0.624567725963977809425005501220E-001
   0.617027856404586217650632002608E-001
   0.697535965630584351109298531410E-001
   0.620680513589790570803972212657E-001
   0.627324750520648181408344395763E-001
   0.704333926359962557078305392665E-001
   0.637387736618614217710828881462E-001
   0.627933875411276014196407478913E-001
   0.704717599652932918151167685051E-001
   0.620470622195051921045522920319E-001
   0.640409104691416521502269717955E-001
   0.725373934467914103813367530372E-001
   0.637903305870489967371703211786E-001
   0.714322317094526873843386977657E-001
   0.808954094433222343566555134428E-001
   0.664516534353175497640767396528E-001
   0.643906423881782406730896032736E-001
   0.719849782094182107952641701219E-001
   0.622915307942491067875808851564E-001
   0.697188404854519445851388292051E-001
   0.786665226807769981822388825642E-001
   0.678532484230969285146316292698E-001
   0.648042370963248181681157782126E-001
   0.725621922361413612350243642693E-001
   0.635326732505977430214535416263E-001
   0.702573431905313580285527703761E-001
   0.786189928511830111254412729498E-001
   0.681759383409362056996942009171E-001
   0.703561782424052912565172459408E-001
   0.808330087106960313181154824472E-001
   0.727574043696015574510143966183E-001
   0.732928698259250021799290879855E-001
   0.801521253935669926929406028859E-001
   0.692730177166120482718304274632E-001
   0.728149639577892595463582223866E-001
   0.816336450595571552547941480824E-001
   0.726856944533723065327475615640E-001
   0.673640366983970348891868714019E-001
   0.754924865586231584841808382862E-001
   0.664623103092110221236243371992E-001
   0.698998663174847986067808827162E-001
   0.785255887989167235607638027220E-001
   0.693435546466949603893138680728E-001
   0.617338488106207040156674507273E-001
   0.690172143512536788041093564002E-001
   0.616806703759976985941877647310E-001
   0.601418456151824699834307792726E-001
   0.675228390842304644513242637705E-001
   0.597935284849412310950608602010E-001
   0.620725145352539942789063387280E-001
   0.705205646860814882857080875654E-001
   0.628514520382865463635828606978E-001
   0.650431345553602455470500434482E-001
   0.729616884192413415016272573052E-001
   0.633822921071407317973380456615E-001
   0.617677265393556036194045354423E-001
   0.690564299879008322904398977569E-001
   0.617998501412302154257626590293E-001
   0.668120004009901279072812425123E-001
   0.667319944247191963928592818062E-001
   0.689466570554939030480017982697E-001
   0.681747032487395589208453653216E-001
   0.680755814982420031258474236344E-001
   0.704615889567839306884497236769E-001
   0.683270404433711466064477943480E-001
   0.681849304780674043670042828281E-001
   0.709229561138280798249508027678E-001
   0.707294681829550995934824891043E-001
   0.706317911259020311246951460039E-001
   0.715410991624185584194384640789E-001
   0.677574095503009704223586011103E-001
   0.678864080634963459895274767302E-001
   0.702285482768712975274826230897E-001
   0.775276350830836265757703199913E-001
   0.777700635296721949805719143528E-001
   0.807808518193879358687294109233E-001
   0.757246409308249369978175826528E-001
   0.752870936296150494382726687267E-001
   0.786070225282330288729155784141E-001
   0.756929753167605840778243894988E-001
   0.748002805895676877565301145544E-001
   0.783970221301680145388924470969E-001
   0.780185657735701376096229318032E-001
   0.772913482370257289017727434139E-001
   0.808446673657933007063402250273E-001
   0.780511919297519888316537784643E-001
   0.779337390550449039679200742254E-001
   0.798511979312061930901883260142E-001
   0.719268919021562454691227429016E-001
   0.743454668209927563794716839233E-001
   0.737999298344042629296626330291E-001
   0.732789503723691194405626538311E-001
   0.741457191399098109506047888950E-001
   0.712941375532982901118550673368E-001
   0.764480093929937163527555308161E-001
   0.758088520660112789508614165476E-001
   0.740159720591323167200593766586E-001
   0.702209377358034046877911430598E-001
   0.703083140918058130678328394041E-001
   0.715763813271126491077346049885E-001
   0.705888248077461560959132978961E-001
   0.698044319179304334406388733582E-001
   0.718247534551097442212484019196E-001
   0.691443162960543546940313289310E-001
   0.689350636848011436050743270828E-001
   0.715242197955508479508927568639E-001
   0.677977713773965103128814998994E-001
   0.676558650167724713402459038049E-001
   0.703349778761120987782102424280E-001
   0.718826177356621086596641448383E-001
   0.724430630925540280620259661811E-001
   0.760979145596515371659593757130E-001
   0.673919142202655734953751798987E-001
   0.690256331486009419853823251091E-001
   0.725049464498869791074809354733E-001
   0.716542801643000472486018237426E-001
   0.722612007464141397561124944038E-001
   0.743765993535081439017172285797E-001
   0.674085567654447099849424340489E-001
   0.596186204335626776741314338486E-001
   0.606685059616779717388401830876E-001
   0.689740548860592600326162350068E-001
   0.610843101712659818858267220768E-001
   0.621248302286223913977905270101E-001
   0.695226545484690651310113429262E-001
   0.606519809937443697233052377336E-001
   0.637461637000977923503180611095E-001
   0.691381524114125950200720891214E-001
   0.608510999537342493848906461845E-001
   0.626473143362841983460570198724E-001
   0.676877474497680566926016063500E-001
   0.594422997993882656296551187626E-001
   0.618037187793914614504190021350E-001
   0.776151905666463463483221467296E-001
   0.686129227861658980203040167890E-001
   0.707385742879382781244726262947E-001
   0.758373225850492476005155322099E-001
   0.667257807814479390228633259087E-001
   0.693449706557908343961654866372E-001
   0.786241163613763749317328404761E-001
   0.665494891632279457142047624071E-001
   0.712949483071794268474787615906E-001
   0.793227216194365629146998670430E-001
   0.686605458349183121604691585742E-001
   0.720257345666081308513647272618E-001
   0.746901770878772789087948844844E-001
   0.676524210578343668212649415655E-001
   0.696003001809329299297664663092E-001
   0.719067432040919256610345340394E-001
   0.634933606471657127945050812363E-001
   0.642362022800851101401384448744E-001
   0.705943772105042483663102278552E-001
   0.620650547565575343398075391494E-001
   0.625686065083844346004121561348E-001
   0.702766889857957821433207956902E-001
   0.623664912610983519809068969567E-001
   0.652043291808441995099379153441E-001
   0.688248168497374786892379034997E-001
   0.608458175381442515982690230877E-001
   0.628597050439939334489293642322E-001
   0.667133050218988809761084304115E-001
   0.592641057954980983122215392953E-001
   0.612896345656641968495021754539E-001
   0.695775779823610550390641324470E-001
   0.612641107673017187877894354512E-001
   0.628576856248636899757381903160E-001
   0.684780663848866811877126508879E-001
   0.605310612361799487467207709012E-001
   0.617705436263655497148590628824E-001
   0.676093752644531839157181549085E-001
   0.619887267683360021654617060845E-001
   0.638621921811939900899487900521E-001
   0.667385983500946752810165482272E-001
   0.581916216096967739474522479786E-001
   0.608626792498717774869105965641E-001
   0.721607227034428117511732184855E-001
   0.627968924990369044144965974876E-001
   0.656706557899279993201134516089E-001
   0.681629760238756506955521196054E-001
   0.590608061772593732599660391711E-001
   0.622507083453119923210915906566E-001
   0.715639990800880442179549720538E-001
   0.617627739980294361457874756003E-001
   0.654703824475911276396989654893E-001
   0.702193302729890840215098245838E-001
   0.607383362118122813889736238817E-001
   0.642550586790631059798548667625E-001
   0.724442667962220177928914755729E-001
   0.635823609788959927624895639738E-001
   0.662098633093183478120943406851E-001
   0.712649004817339030775090787575E-001
   0.618508381348784707353095476139E-001
   0.649350151897393040858763232620E-001
   0.780636786709255135573556027531E-001
   0.701944913687430312681808504013E-001
   0.719843236164740240866597638717E-001
   0.745456651507831431300553441112E-001
   0.658169975833472651009927308207E-001
   0.678961365004352842978943859614E-001
   0.749923670738061448868125751345E-001
   0.662560415054781444178178170814E-001
   0.685096125435732568946022272570E-001
   0.732048139968037088699257975768E-001
   0.649130305949361961045629220069E-001
   0.670406866368633900414586806869E-001
   0.751806419388794284524683492258E-001
   0.685910976322558670970570182239E-001
   0.727214125517238808499301564822E-001
   0.746366028655296249661434126434E-001
   0.651259293301347610071262065616E-001
   0.666733529003431079777924036137E-001
   0.755102838460002510324739791697E-001
   0.696474103353423197823499996670E-001
   0.694396222755384237474564809868E-001
   0.773254002114521217514671193730E-001
   0.702128356879541671371794562603E-001
   0.707155313722199766638281288027E-001
   0.756068143709660341067627714480E-001
   0.642608507423966712626192715328E-001
   0.676467811858611899312575720667E-001
   0.771764060970087242358101228863E-001
   0.670137991678265357387802314297E-001
   0.694990534665369895537266432156E-001
   0.675338916943309401943911401589E-001
   0.596534317674624947741380252191E-001
   0.612572889029338073968650776065E-001
   0.718137456642815498303869037374E-001
   0.625698557546050136361761608641E-001
   0.665831543207678121435551482463E-001
   0.748359509826341915163394428953E-001
   0.660957905477522419216776095364E-001
   0.655105044225154740076656988499E-001
   0.732837970604455642477576391494E-001
   0.645760672718554131249896146856E-001
   0.667255771673446076307115990868E-001
   0.691766371038514323054864224595E-001
   0.616791657452522831282070752125E-001
   0.617133057039346307224528471980E-001
   0.677105815818721994069177596539E-001
   0.598749083293576149113181547862E-001
   0.617448231451123176165636950388E-001
   0.683720784280215606186680944948E-001
   0.607992372460417526921605047086E-001
   0.628690819159960701488362014359E-001
   0.664647530205311635522830937706E-001
   0.585577328975735186213315638724E-001
   0.610080348735591416803090428745E-001
   0.678505800309288266469831104600E-001
   0.603108694805567883391430648439E-001
   0.623564221676877334197012515187E-001
   0.678990723740457797891827873274E-001
   0.598203670101808634647754692695E-001
   0.608252229416258111227042922533E-001
   0.728584145652418305230165079245E-001
   0.633684697839530149110798742604E-001
   0.653750271044383278483976514613E-001
   0.683953811258356122277335291211E-001
   0.622838522201816824067025453324E-001
   0.641577789247871949811572733984E-001
   0.741052916111021208522175065842E-001
   0.648420599929260363087447571227E-001
   0.663439597045123035553167145968E-001
   0.698058948906328661855820012176E-001
   0.628904040662536800121483093440E-001
   0.648973138249639966187012361866E-001
   0.749582555255370552367846611133E-001
   0.658310591811287002746943992113E-001
   0.682683766940546460688857850376E-001
   0.794354491256968871587831271172E-001
   0.704719187947463481687559001588E-001
   0.729206943978088572175203427639E-001
   0.761947373897740126763007278872E-001
   0.669462441586970475976219174944E-001
   0.697620657844857636428044637257E-001
   0.791868248395563251992155909196E-001
   0.700642429592117653412682680256E-001
   0.721804336233942664859323307359E-001
   0.727315815422513603641989582996E-001
   0.644110893116649548757224692104E-001
   0.664811118336187695197503888972E-001
   0.762346478488588490381010151503E-001
   0.670523799397262768200045916237E-001
   0.699769792148876476977630998327E-001
   0.667349709109102881249422134825E-001
   0.596694949595001676977502745959E-001
   0.617184408976655617653707925191E-001
   0.655979926051309019798882613144E-001
   0.577579697710184259430109154135E-001
   0.599815063758706288107662811670E-001
   0.693163480631444057870397742677E-001
   0.610875641455653343854689408190E-001
   0.634122106541989201925164928537E-001
   0.690794941347680404873112279172E-001
   0.610513133362154034931450482587E-001
   0.623840649015498083914003051049E-001
   0.680012801304585654699187652381E-001
   0.594447743181461088741164904011E-001
   0.621533859393702161528526943999E-001
   0.673473454427880879746569170550E-001
   0.678267737922987545074646338832E-001
   0.703642472936301600058400546462E-001
   0.699674793385168507771797785658E-001
   0.691356213699673318502348858198E-001
   0.725998940407870361012743416723E-001
   0.692415991527565683729193859402E-001
   0.687656265761665651819731411699E-001
   0.714760826281231575398370301056E-001
   0.721437006096339700842805043555E-001
   0.714118085032623920341414930855E-001
   0.749157636649616616545619732034E-001
   0.702146723889533083962363860932E-001
   0.706295640969339945092650083265E-001
   0.733088457276120410605855767381E-001
   0.790394236426969904080982208583E-001
   0.787891303228543115592265113479E-001
   0.821690434884751487328329895839E-001
   0.743063232466487991056512070018E-001
   0.734613875311190816146625147439E-001
   0.773584576118401701467317204132E-001
   0.749520580777301971677338498827E-001
   0.766428942384725807786811134280E-001
   0.791994014067957132525512443407E-001
   0.739529050797749254605911295675E-001
   0.739006363813888848375211851182E-001
   0.763488551980333422781497293411E-001
   0.785694768279716968903893744454E-001
   0.785560557738702863933947884406E-001
   0.807342290661160535289173785770E-001
   0.743238833870910900235174652816E-001
   0.760048882861666058811082319391E-001
   0.801049242302916817495887415990E-001
   0.765915380484136172913969983511E-001
   0.792376832326684304534161259899E-001
   0.823502919939155446282628425704E-001
   0.782115579471262557589865781003E-001
   0.799023347139649736761087146234E-001
   0.831096852075016313693602518837E-001
   0.724838510744111427577254409304E-001
   0.741075697677005840183313259654E-001
   0.767032511175445116908884570254E-001
   0.755767810004408920536591025774E-001
   0.778503004281314355910926008502E-001
   0.796096233651974779072916129249E-001
   0.677561216170340603964305672015E-001
   0.677630649842131394326125262988E-001
   0.697472106114285502912220500507E-001
   0.698260312722954806360903773056E-001
   0.676424141618497722555562599807E-001
   0.724064423118004662509946969601E-001
   0.719805278933693912563513396494E-001
   0.720865891886646894084736451304E-001
   0.752328459863160961918395970835E-001
   0.731445791034546975566554981320E-001
   0.723291521939579528432245171332E-001
   0.753098889568301110328219622846E-001
   0.672648692496027866117312747861E-001
   0.669812467472991160189747090493E-001
   0.697104687971321629578970805630E-001
   0.602712277154190622274949570691E-001
   0.683046302602076196681606556370E-001
   0.621356345719366467020136500308E-001
   0.617877782913338665269311981492E-001
   0.699831288003710463769179357220E-001
   0.636386251138455523184587185089E-001
   0.601476220730850025845452772049E-001
   0.673708487999481296647007617621E-001
   0.616258636449489632084073296270E-001
   0.608731259758820632089815127297E-001
   0.688811139360021753599335486685E-001
   0.626238839859654692196490013865E-001
   0.589610427661344926345975859184E-001
   0.667593043387158971291482360521E-001
   0.606293454961996691499637940918E-001
   0.629181145869469101610777898178E-001
   0.726653956718498507326338895033E-001
   0.655793234555988845379253942160E-001
   0.648117714036525479113516287931E-001
   0.736210737361341369565414799953E-001
   0.661563690367703814809341773968E-001
   0.634292879099390439380932893741E-001
   0.717329102962481262221284258051E-001
   0.655941721808257129110410710453E-001
   0.652389919484710806750708971745E-001
   0.738766121579391992540839332608E-001
   0.666437247361366904013214688000E-001
   0.647948264073299539074971553634E-001
   0.725014371001652231138857542863E-001
   0.676845052897562066645199801108E-001
   0.706690010609847318162061451254E-001
   0.791397534648864477705033853113E-001
   0.715092718290326558143104908748E-001
   0.655987075963505496241451161494E-001
   0.742132172792000158915530031025E-001
   0.678933615045979315991972585688E-001
   0.694116643286693236539094619219E-001
   0.750894976161271581930457891674E-001
   0.698216786248181878804158066605E-001
   0.637229629783568610896223128150E-001
   0.725073562868072466174140417185E-001
   0.661419367850450674926649280844E-001
   0.640605865722961350203274701874E-001
   0.768649391317540680434070882215E-001
   0.675779477157883873268647589455E-001
   0.619777442825320789766681353113E-001
   0.702467067496207759473823143472E-001
   0.638786555533325301406955040931E-001
   0.608361124957875139867764857395E-001
   0.684635674893526442801698950346E-001
   0.618283225348660237334191060376E-001
   0.605307839073491823709944543737E-001
   0.683146580255755856103884732703E-001
   0.626440387118957549263755351023E-001
   0.589172924707429969410076901951E-001
   0.674515482476447974460709687638E-001
   0.614944197879397966956092732825E-001
   0.597632691243351010364658217671E-001
   0.676343518406141021090586300547E-001
   0.613900379556355351377854885059E-001
   0.582051753306099514405331235350E-001
   0.660379747141725895306388457326E-001
   0.602261477319099703395897003984E-001
   0.599750857949732837353041615223E-001
   0.678868437326341882544759702912E-001
   0.615819380054756469578681213854E-001
   0.601334467666672001007721452460E-001
   0.683895472863998053412007364705E-001
   0.624550813532273669888786843546E-001
   0.611713442221250907017636633945E-001
   0.703560078698668660661508893649E-001
   0.633811702600608888138001849093E-001
   0.599618808084685196426098558062E-001
   0.678809284676866483092227915959E-001
   0.617328047958473558368631455895E-001
   0.686623752933221339238320561289E-001
   0.762461148400357856599101268017E-001
   0.709234919372413010691742096696E-001
   0.661551616764378265197201416268E-001
   0.740146260618266687801705873864E-001
   0.687713666981869589493209681360E-001
   0.660639716086421625401358519101E-001
   0.749830016802420623407632437917E-001
   0.684522766931262781616048619477E-001
   0.686662103673700551785674490086E-001
   0.768464032034046547118011580160E-001
   0.704527576087812246550139042495E-001
   0.679511413687541090497079751624E-001
   0.751592206632883715545053904886E-001
   0.712878210848967358034404061459E-001
   0.598815866041490382046013579700E-001
   0.669145449752007483161518647742E-001
   0.620164696685285233018952044745E-001
   0.603151984011078113943103409338E-001
   0.691764430552713900998944917206E-001
   0.628029826029209146270874464135E-001
   0.629607221357292665819486518552E-001
   0.713427525094629773116837144364E-001
   0.652436703458729312601226862977E-001
   0.605375229023838324314983117761E-001
   0.684030086132827181879501430553E-001
   0.625261352907790014774563237478E-001
   0.619848341682495111508776648101E-001
   0.704363070381136092724324470421E-001
   0.628906274967841111613122356115E-001
   0.601315199563494180215658494666E-001
   0.680178692331587994969846271613E-001
   0.620023794954330300788314668815E-001
   0.608243196532767134197316989868E-001
   0.687995207789685535403292870536E-001
   0.614740539596729667096450191518E-001
   0.658946666419949614488912909859E-001
   0.746352887513514284200407545703E-001
   0.660296726526459905475163021194E-001
   0.657250307938743002368038626351E-001
   0.719968306984184513670683152962E-001
   0.660654211609839827076580840458E-001
   0.633473906590554149580531893725E-001
   0.730933805280009059930993374903E-001
   0.669728530774519719842650273950E-001
   0.601417389130526253123391071745E-001
   0.687931746441127705259430597632E-001
   0.629238701333263526833839323716E-001
   0.608666965575843311783368078852E-001
   0.682972147740850500393276941214E-001
   0.628401881357785126291317538596E-001
   0.604334316644026972013294567684E-001
   0.716434567838220467222049081458E-001
   0.656597122532282470615474615507E-001
   0.627521965851204094385592981970E-001
   0.697078195298334423354346266115E-001
   0.644174166714164745585936995144E-001
   0.621980729259051045935909459644E-001
   0.724729776935751129624940440501E-001
   0.661884302650613857141465721385E-001
   0.703000251791926754705094854375E-001
   0.808712301706996113580434256556E-001
   0.725740161022505112789214151171E-001
   0.644732670481033409571861330868E-001
   0.747500668040821735816104336340E-001
   0.668916285674884780415885260500E-001
   0.673350324108554645531870064549E-001
   0.784294743406663692536542366038E-001
   0.717567280460639672098276945317E-001
   0.640474967365475273143167902806E-001
   0.722951252088745816996292811113E-001
   0.661396503435633241193705375910E-001
   0.684859591016920321879572720784E-001
   0.765071623773388133479806187467E-001
   0.708462448354345557776530062751E-001
   0.680778001521213344243957019585E-001
   0.769497197523562302144877053390E-001
   0.693921303753658514797761976588E-001
   0.694190981309759735573980677893E-001
   0.778668266566890011425823970297E-001
   0.718063762866391344791701812529E-001
   0.703723636810721517106432404497E-001
   0.793365629318899053068217397133E-001
   0.727039840966324661419567819986E-001
   0.651775691343446771089964158498E-001
   0.746666038862660327186138822984E-001
   0.682272882896875407572052264803E-001
   0.677253477543476896468436262550E-001
   0.772809496755648003875527189747E-001
   0.706078388473658448703839892179E-001
   0.594004966377638459451295315898E-001
   0.675076106409323679962468244507E-001
   0.615823309911143910248360568049E-001
   0.596294387069533225664575457287E-001
   0.677197372297297518004568382585E-001
   0.617231608737844498513042889038E-001
   0.612356437897024451118873675118E-001
   0.678857555110073140244862527790E-001
   0.642345316574819965102772652087E-001
   0.634774216313089526695243740328E-001
   0.718731353391931852436822757997E-001
   0.658149331748533841449488426689E-001
   0.590360667782983453315864757254E-001
   0.675528707842720884746932355294E-001
   0.618092003894349720026373232205E-001
   0.679284971897777638052779836343E-001
   0.680112194245862479548824114366E-001
   0.705952966705081775506216179404E-001
   0.691604572379454879531433909945E-001
   0.696121167035440009174519311342E-001
   0.722609317610954369748037854651E-001
   0.650889488725449596844591454530E-001
   0.654084153173654552201056275304E-001
   0.678809436177491534448951921928E-001
   0.702023180586894970288506460268E-001
   0.701040659607238811352709058018E-001
   0.714366029929744183670978656525E-001
   0.674549476325606331980221085348E-001
   0.674687888169438073572448351476E-001
   0.693486133150650633102682964036E-001
   0.756480350965214266363403241278E-001
   0.760191596519002326070771220476E-001
   0.739189786826516219556379865255E-001
   0.737579971221607874398512444182E-001
   0.729770365022950917475652571535E-001
   0.759145195088593617637670413203E-001
   0.731076003009791726251029117240E-001
   0.730803194802503544891487126956E-001
   0.753408588565110816487684087471E-001
   0.740338657156909207444483712801E-001
   0.735714497124206105580605792856E-001
   0.761392202107008331273115813026E-001
   0.769539371965212442098878321432E-001
   0.776799816017547493107769770183E-001
   0.772002753831271356247192924839E-001
   0.809445871088763034399540961798E-001
   0.783668029698451313568784610267E-001
   0.830428697462595015927306845820E-001
   0.758355744588820283034033355704E-001
   0.753162330842229294111542156126E-001
   0.786836410876054208821685027027E-001
   0.792658853599885338920273526909E-001
   0.778573077573872582168418250415E-001
   0.828780305860261527921699406235E-001
   0.729602771297242537751730883398E-001
   0.723755633323870346938770598324E-001
   0.757270970607926577016982097620E-001
   0.753375676741598440972673568393E-001
   0.718768032992744916420267994560E-001
   0.781516892170296492831900315849E-001
   0.690801596661237812680815870415E-001
   0.697022247818930861042131407079E-001
   0.726254198389805551907916268327E-001
   0.667423654101208122669438879954E-001
   0.670729080381590428427730150818E-001
   0.695939705854964507353890315464E-001
   0.702584413512434472573037903830E-001
   0.704120011786845645059105869094E-001
   0.719539513636451964976507301207E-001
   0.683630461407355767549868068607E-001
   0.677138896453787416326715831184E-001
   0.710237385228402226731888657265E-001
   0.675295098051513134924815669482E-001
   0.675953864107690950357678856518E-001
   0.700965957701872017012572797652E-001
   0.623814804081105758934672327233E-001
   0.613347791687221550657041190204E-001
   0.722615233558994390772951086147E-001
   0.627188421801082536423203510070E-001
   0.623838066980854921267478586200E-001
   0.728828051604514210872150388130E-001
   0.621255387903105076849473314783E-001
   0.628003426232573182008727374562E-001
   0.728665551614785298341440634516E-001
   0.616465988250253398131227657549E-001
   0.621242132322050196029942261387E-001
   0.721866076622794343504785630459E-001
   0.614026309287564582080331477464E-001
   0.617604881612396155993020203853E-001
   0.716236128536051988965029172528E-001
   0.649583359069420013325769392150E-001
   0.652011309658297210622866203758E-001
   0.776931451365433400519686560708E-001
   0.656119848350339194165426932123E-001
   0.650763200884831685256003702169E-001
   0.761288778169426234250019620821E-001
   0.647977816512896488456913846755E-001
   0.637398710636144793344338584655E-001
   0.746699268405543926312266008028E-001
   0.662514672351363456010145765817E-001
   0.660378251229708006858328141578E-001
   0.776098991138679887047761981522E-001
   0.639508439223427720045436451216E-001
   0.632867493079741302350656068493E-001
   0.730523943269258949894792200867E-001
   0.633700363500188132035918476023E-001
   0.638806039838266976847678063342E-001
   0.732997756749715245571387085561E-001
   0.638706174217536093472299491086E-001
   0.633115712650998541495573489265E-001
   0.742978408527124114698591742504E-001
   0.616700397252652958252715921212E-001
   0.624013184962960010487036578742E-001
   0.719578385602642880528075652640E-001
   0.614138759052512660965577841110E-001
   0.611737697607990457633926665587E-001
   0.719368672307801790069768888569E-001
   0.610614708023626768462841810863E-001
   0.595218956861559026028561264370E-001
   0.708088985881807877455768914330E-001
   0.616123198318764426931707094473E-001
   0.613290446683713405638729488097E-001
   0.715849803518240351799813835042E-001
   0.625641612571025340463029613202E-001
   0.614902044371838047946223035974E-001
   0.726831703250683992059908391855E-001
   0.595235461780952145412781522060E-001
   0.586947256511948150521976694892E-001
   0.691884425411066776416973485510E-001
   0.595322453634796545595424034550E-001
   0.588125729229441127901137225786E-001
   0.689383138201092507058620800956E-001
   0.602788868969774882668545955676E-001
   0.605499360169492034925713661021E-001
   0.703509742334169988922400521652E-001
   0.611305505534250843335917323407E-001
   0.630590177769664309378627040105E-001
   0.717595841955354750772479424781E-001
   0.611897025786725707522860848371E-001
   0.632165423035533348482074953435E-001
   0.733122513299769511062388554791E-001
   0.601965367981985920998851689026E-001
   0.613117207473521847995412212900E-001
   0.714612303154207936232639622054E-001
   0.620554407398240110444700974376E-001
   0.638114133820885695782385662080E-001
   0.742666059568162711450133375726E-001
   0.604138664950330382011719052383E-001
   0.614388735633663529911735100359E-001
   0.714801080831191784053662343100E-001
   0.659063879515235455993818177182E-001
   0.654497120547421816857577366818E-001
   0.732392668593826107671914775062E-001
   0.655985876455318348095162253959E-001
   0.646473276578845962917660924089E-001
   0.743105560667604223876653295236E-001
   0.635481025040192263448148654910E-001
   0.633940987594385731551110801330E-001
   0.715848760553445993925068285027E-001
   0.638539868290938395911892761398E-001
   0.646044583925628132909208555673E-001
   0.722636982056296178957123719711E-001
   0.646886485278182303648406887560E-001
   0.654020266838427000372506350674E-001
   0.712214048411817227113009518486E-001
   0.603603263789822232325839161106E-001
   0.635295411475644409511458111772E-001
   0.732848285503314837778358519946E-001
   0.615884191563873386992891772832E-001
   0.613192324711791833108575002944E-001
   0.722125793677875128187919204009E-001
   0.634522916604856512512998467655E-001
   0.625582694756312987547881326378E-001
   0.726048472550753544982404858604E-001
   0.606780462393347052193462450854E-001
   0.612743092331946859126706165791E-001
   0.712029623526993506621121730723E-001
   0.627441503042999406412856900883E-001
   0.626275130704748285052925610537E-001
   0.731494517766281940879934331257E-001
   0.645842321511239998945858702005E-001
   0.641070882650567104768820123649E-001
   0.740415210166851348761138748252E-001
   0.634765463048203556225176839312E-001
   0.670443173947795380769958033596E-001
   0.770359348781541293959911931668E-001
   0.664433353830223135927946041702E-001
   0.666932593228572646181312640529E-001
   0.773691955495346275294731296115E-001
   0.666136727597501150427870167584E-001
   0.659229771033038048876295010867E-001
   0.773692952005999767911757235808E-001
   0.665507420156637020133270163225E-001
   0.638070757363094481730105592617E-001
   0.769146551967680986480757374731E-001
   0.622875355349423594396415474256E-001
   0.609078320372030977965011314185E-001
   0.719259556851321098903143652984E-001
   0.591894542229555755324261287597E-001
   0.594699097025331425121382858199E-001
   0.691362252480477531153541166201E-001
   0.647650096090870441565548103126E-001
   0.615613520351379403890571538528E-001
   0.736376238863702199629790757420E-001
   0.600899355618469799456838560628E-001
   0.599269367236553182439731270436E-001
   0.699224571689958225785321232297E-001
   0.642527441646662156727936350384E-001
   0.613123481360349915483525045735E-001
   0.746652010885979572421654252557E-001
   0.650008427154792675724588706688E-001
   0.652997321830617586428801898329E-001
   0.771802876502564247355262673844E-001
   0.622825694227539692433397780131E-001
   0.599839979045887097506755687891E-001
   0.728834922988102108004356207523E-001
   0.661706550414518341360099876782E-001
   0.667421627069606453981421051611E-001
   0.783653264652061803009183205998E-001
   0.618029935184907749850408610160E-001
   0.610652442614267835846233742701E-001
   0.720686588714005795146323036805E-001
   0.657663542306190227493579294025E-001
   0.666546464499415937494033760779E-001
   0.767625248856016588230169075092E-001
   0.680301833885938647083385089718E-001
   0.680318570331755328501384082954E-001
   0.757477781942672042706379187097E-001
   0.661032523603476821317022582737E-001
   0.692341297625380588895936144824E-001
   0.742382081707839001105507446323E-001
   0.693285720592701970491576471835E-001
   0.691660934459208839197806180450E-001
   0.770475517047303491560475524496E-001
   0.636418339486559640497109888116E-001
   0.642166942443432092910023813408E-001
   0.729444367214313882058100733273E-001
   0.671547629873026212219969051446E-001
   0.668738827434379518131044173836E-001
   0.762240941875627546011702973125E-001
   0.615570007798555074718517291859E-001
   0.601967865641840708027941336484E-001
   0.710537716794806896403561736743E-001
   0.582833856678853867170194194033E-001
   0.589894927277597700778075883346E-001
   0.683878524469721863076186355673E-001
   0.596566170896547462101507239424E-001
   0.604256067317763010539640677205E-001
   0.704213164383535624055782080578E-001
   0.611319371065509749529601010643E-001
   0.611736715328828985226925395346E-001
   0.703863172998623656524003838716E-001
   0.603630800802572118587115469027E-001
   0.607024674845220720733999430846E-001
   0.705441762378162045864451186409E-001
   0.691702884295661613531148344705E-001
   0.686630348993825599984998393499E-001
   0.709409633864956833727457023949E-001
   0.705539913061585399964367588193E-001
   0.696702893811753227697085572599E-001
   0.696808731970388749214785703769E-001
   0.735946739941593895244823010797E-001
   0.732574353210222769677948351474E-001
   0.711529939591506740576876152364E-001
   0.706946689085465419856574684256E-001
   0.802871071786763653914994460590E-001
   0.801442662237578288591259044357E-001
   0.771789974613148208937034674769E-001
   0.773878095615179796392842658268E-001
   0.763668328513697796395742000056E-001
   0.761046436845936656177390995337E-001
   0.774063169897918832193621128836E-001
   0.782269649309532380402110190217E-001
   0.808388913693119902002842940764E-001
   0.804320466940720518722436166273E-001
   0.796369453064853152148261677954E-001
   0.743818033048290677982099520806E-001
   0.812647009716650240108868632154E-001
   0.743789102242478596217840329251E-001
   0.820533303727109200852759916762E-001
   0.768684082275833105162959882815E-001
   0.743921706844451064398073714925E-001
   0.722796997922792198434279398865E-001
   0.758350648000487034874979220659E-001
   0.744350658222571551011001171565E-001
   0.698719810524604523954445666181E-001
   0.709317003748876988551770393249E-001
   0.704156763991978483168360978477E-001
   0.704131250362316726451625645262E-001
   0.758052525845544146593438854361E-001
   0.758165932369312894162255556267E-001
   0.726810256330238051389008576492E-001
   0.741597881401792759615498214629E-001
   0.713980021547935980348774557229E-001
   0.712675603116355738734052155904E-001
   0.618191066642750492775833517449E-001
   0.612020899378774927175820286615E-001
   0.634386241222308073900501825149E-001
   0.625653236087249573423577054697E-001
   0.610145938971060718306029613915E-001
   0.631564116603981753253955006757E-001
   0.628761757241286255167919528980E-001
   0.628766260974785051828834998884E-001
   0.605980202369154766572070961031E-001
   0.609048813049634718824752551938E-001
   0.688843266648495798335868847897E-001
   0.681275235738980661348791365965E-001
   0.675104862468009496524987903602E-001
   0.680155744091335627796663577628E-001
   0.662683115229659806282871346114E-001
   0.675125200313285667993441177841E-001
   0.682537702343413685491759556210E-001
   0.692461908509984413902631488516E-001
   0.692049606539296975379000656134E-001
   0.681232083777052138931443303930E-001
   0.679182564729454736475870921215E-001
   0.679600067317145476150406652964E-001
   0.658864281509413300539936631129E-001
   0.653411915219321964632262826679E-001
   0.666953132700727051271075797235E-001
   0.689906531994888532280075701657E-001
   0.640871657052485934745321418602E-001
   0.640307950748547275939125174836E-001
   0.624677212799909872147118676503E-001
   0.621074124290894664128884054854E-001
   0.636446486514432250965960253528E-001
   0.633721039965742356315121713833E-001
   0.620446655373458719290337644199E-001
   0.620452627687651203511142904172E-001
   0.625465993784832071465486555734E-001
   0.625797594679258275889631697653E-001
   0.596492968614945273817013268500E-001
   0.593937932636697928832386195967E-001
   0.623245366892957668890221226821E-001
   0.634785651367781073687940008291E-001
   0.598894553442012050841186320417E-001
   0.602819638331984961900811998094E-001
   0.619601768932115218556091625799E-001
   0.632956480542781294044471805901E-001
   0.615806280301288407688382964981E-001
   0.621891804373833435949518407426E-001
   0.647045283424886981144362129094E-001
   0.648337747513667092534636541123E-001
   0.621099649593719653463370887873E-001
   0.627603515203265454257358419185E-001
   0.706417473268638482776351025632E-001
   0.704173119358210027886549479126E-001
   0.677461085797496654570263104764E-001
   0.678060090844535654514762913384E-001
   0.666638528963613628409816534875E-001
   0.666665295786329770542021997995E-001
   0.681013727958094911842402775565E-001
   0.682910396230944190915089080666E-001
   0.713761360315282743319877503969E-001
   0.714478484374139621274246074930E-001
   0.639124843970925756094690689384E-001
   0.631425477185770852913225383454E-001
   0.680949076413108902655464325870E-001
   0.655818564946404985845645402975E-001
   0.691109530120571322191553017477E-001
   0.674448829345003612371859896190E-001
   0.632801281578264966525311993835E-001
   0.637194276079551754860320603984E-001
   0.653483733711326903711485947627E-001
   0.662871371733312337414988664722E-001
   0.616062155943376184587129712515E-001
   0.613146009154484983525965409081E-001
   0.622257920748956584547588357669E-001
   0.648620551821186588878499139450E-001
   0.671641542804104550221908183887E-001
   0.670204597745512986477339147534E-001
   0.654547273587574953176126614834E-001
   0.673270961919574807372958121634E-001
   0.662130033164780696682663050974E-001
   0.626544072723146225346818503194E-001
   0.617094596362914409237372887275E-001
   0.614996743552556938780400751253E-001
   0.619843635614904535572486005289E-001
   0.619798239798672514505097645170E-001
   0.627987504970498121417173744167E-001
   0.598987051849727377391299293734E-001
   0.629091057513281637824533648503E-001
   0.631673587798947375457033358694E-001
   0.636772080003737975791441864423E-001
   0.621039392878361698324689209715E-001
   0.689653271292596765224368766320E-001
   0.694371043846821631052303933210E-001
   0.637564731535905074259202920294E-001
   0.645277591538455434569652861547E-001
   0.690849084134568925184295519270E-001
   0.673069249803611060898908373517E-001
   0.646060392315265196441514275397E-001
   0.649901648869230717674544998966E-001
   0.695538143825771898402470145579E-001
   0.701217773781480093843708285301E-001
   0.704893546648762199283309993192E-001
   0.712433078330457513637126608630E-001
   0.706435570989818143008178863200E-001
   0.709923554340389088789733911525E-001
   0.723021070942617628145601453240E-001
   0.722877233127260678619297397914E-001
   0.666436333205481041367189294501E-001
   0.662577714703177089926406459744E-001
   0.694555761374021743907546223027E-001
   0.686070167737277100957907538930E-001
   0.610776936187770212441676460926E-001
   0.609551066482762444187443692216E-001
   0.597465176133534451654461194824E-001
   0.596072862765283521626631166326E-001
   0.633485259160559412068452786597E-001
   0.630402521825274118805698058646E-001
   0.642364462349691910109180025690E-001
   0.632890655318604655171327822820E-001
   0.605697632370926256786933480663E-001
   0.608713675674082263782366779407E-001
   0.655959640092461204960432664749E-001
   0.679130802732199150095915684765E-001
   0.674762258810840166769503617958E-001
   0.712122750448679941432462630834E-001
   0.680938657230109609407000258558E-001
   0.773069555798986169517533287482E-001
   0.745349476089766000981243789565E-001
   0.740808859459046577492848273861E-001
   0.768433236599435771452249711168E-001
   0.772048065346139762504998128482E-001
   0.690813552942273863080462761699E-001
   0.744985407979490772509804160438E-001
   0.752881968444267862591902751344E-001
   0.692552574025545713991316478219E-001
   0.724785356106085533512453357007E-001
   0.674029854342951196295913315919E-001
   0.678162107846404062069564536099E-001
   0.727820566206777398420069511251E-001
   0.701654067309813576346495617835E-001
   0.716461941554921256295881112610E-001
   0.669090162817567979353115313910E-001
   0.682609332410033731163876821444E-001
   0.677422585369444882921759109798E-001
   0.689019052683022903478311977280E-001
   0.666078871963849976939986595136E-001
   0.775966604516279324089106837380E-001
   0.749779695424605198654527328063E-001
   0.753049977244319389515820095270E-001
   0.776574106181920381542927854762E-001
   0.755394748477481918463038470612E-001
   0.758742743009364717982888668658E-001
   0.728508523389347453989353987662E-001
   0.743170469194345147980670462433E-001
   0.700920210822672551431462269352E-001
   0.677360277550676830941050550153E-001
   0.694818150647182023160493774764E-001
   0.673597500916992108201506849345E-001
   0.689492613901829994567704309426E-001
   0.654736846739011589520682138297E-001
   0.711160637409903552060662886287E-001
   0.663354782403436693200651420642E-001
   0.693659643139513464318928136214E-001
   0.681090948039772529252064042474E-001
   0.714385668166169656362301784267E-001
   0.696264465658307555286620373066E-001
   0.782519002144468009782495974749E-001
   0.742649766793531769079760575304E-001
   0.742420820042037066263921378576E-001
   0.746425168840791370593162952812E-001
   0.772273929483865691741847972537E-001
   0.729377793147264224781384947124E-001
   0.778148698024018991164287806932E-001
   0.780445631917749835363984203764E-001
   0.724831607571889608823867349737E-001
   0.763071949070711275692096496885E-001
   0.670084355327249075262868411594E-001
   0.687858559704653130789920161929E-001
   0.729142940082978042676414494830E-001
   0.720727449173793771630324381592E-001
   0.686760086754932779250869618807E-001
   0.673748689398497491632451863426E-001
   0.683737669229454926036533709883E-001
   0.652677899791463022470641141120E-001
   0.689745674734584126454571189853E-001
   0.684127739491117484430084443838E-001
   0.767274772683070327011844576771E-001
   0.699159819048506549009381960934E-001
   0.740165242684929517134211816075E-001
   0.708835848950127781869156952067E-001
   0.768171796894526457087686598503E-001
   0.794119464613947847831646131647E-001
   0.776393302568842005384116052868E-001
   0.792187434507520476742086697120E-001
   0.726645573256256307922148131275E-001
   0.743988538062746741288791384754E-001
   0.671499498435498012010004084831E-001
   0.653657638011396475691507004459E-001
   0.691313072315274994520712175800E-001
   0.695596959234416050366414722371E-001
   0.666021527355010237439438445043E-001
   0.698599346386314789740634614322E-001
   0.674103922157540345708490101823E-001
   0.709512817722152675049180286900E-001
   0.683518153140896274940776494275E-001
   0.685212499485367399557574406722E-001
   0.687028430864862827290917779659E-001
   0.736240861982457062309330409851E-001
   0.700344420605498003002729192517E-001
   0.711474153871884842796643569710E-001
   0.701213852493501913934449402045E-001
   0.805388969641202551560848102426E-001
   0.799692665952960743468317077354E-001
   0.765334049178655878248094653430E-001
   0.718498628163118822163444036784E-001
   0.767241495858371395850268708220E-001
   0.757572096261379784491324699665E-001
   0.764263148395015254246560989947E-001
   0.717237307641153968084893058058E-001
   0.808784549470258406409846878873E-001
   0.769463204453816701610806596614E-001
   0.821591594868879305560263537287E-001
   0.776167398673488286473836380045E-001
   0.802626727761225775923581844938E-001
   0.780367571881515557820073329567E-001
   0.823939180806036061710096237141E-001
   0.793699145299219382438661495978E-001
   0.753938339315741920427531347238E-001
   0.731777648556733433938149907381E-001
   0.773043974650070615870298109404E-001
   0.760642616122709845093938464521E-001
   0.697893400487517548585791608141E-001
   0.668610714823651637388869643398E-001
   0.694578467216402452349105798285E-001
   0.668858082339563145059409983859E-001
   0.738386549546680269247122005689E-001
   0.691403107849108714346995638161E-001
   0.722901983570437262715585181178E-001
   0.716651274456613371990900683071E-001
   0.689292312702705492869208950296E-001
   0.661330074133570822517779568274E-001
   0.627700718504772907448216486653E-001
   0.607680008107296795333851725510E-001
   0.637714715149180268910712611873E-001
   0.616131423793832905313929230437E-001
   0.624992090403635798953058294058E-001
   0.606215767687372684279005161253E-001
   0.624190866622901457779779992285E-001
   0.599467737453571552066259865212E-001
   0.612755326067060324762995383248E-001
   0.593942627505294174819930433457E-001
   0.656209714796450961944458072399E-001
   0.600823134791986157328599596651E-001
   0.668360266585872975198650211282E-001
   0.627081386630675292662374724394E-001
   0.652787155145177743541688339388E-001
   0.614415849819368919504502370434E-001
   0.670674051495112589069655353947E-001
   0.635528596693535041550409350933E-001
   0.663056709275128591066296144733E-001
   0.622252293610576554312440191143E-001
   0.679623016099696499923752931664E-001
   0.704410542911106595605096962605E-001
   0.666757074992568984651193129342E-001
   0.649415996218287073516801802973E-001
   0.660900670594524102030388876636E-001
   0.667268355309404710761746345912E-001
   0.645109113261120499702698382696E-001
   0.634294423800496134197853122300E-001
   0.648413835143943884647641405426E-001
   0.652780223892109856977246694437E-001
   0.638286327377944860781804946726E-001
   0.616185020695314177217574397940E-001
   0.630983712627430172779627821442E-001
   0.614487376824769397748093809715E-001
   0.613683417180752360438616460626E-001
   0.598320698217290574435779984839E-001
   0.608086795935979587459377600298E-001
   0.589842786001440533141502327703E-001
   0.613345551703351489462176017163E-001
   0.583976387341385445963203553037E-001
   0.606617359718605341215957466895E-001
   0.586318399442480115901512343398E-001
   0.616253201779947461867419639204E-001
   0.593601523675097446626594285039E-001
   0.615945179148905039457519323628E-001
   0.598536423875157940567905099883E-001
   0.629695713713871400555860671266E-001
   0.594082123223235402192083180003E-001
   0.614996342387991797976265042306E-001
   0.591536696857321830946480600388E-001
   0.696404199792845964875417026249E-001
   0.676254891652111164317326440177E-001
   0.680233217876627517477262760260E-001
   0.641133249729708706014929836868E-001
   0.663121288650030481773799412124E-001
   0.669032717042512300622229556839E-001
   0.679759213164029730716159895632E-001
   0.688643651780944002066194484983E-001
   0.701954526512039785779047466522E-001
   0.652978430619458652151337623625E-001
   0.606033687631734740795934848967E-001
   0.583114202934965113543466337278E-001
   0.626807685009775279072326372923E-001
   0.577591635788359080462105103363E-001
   0.650268475822066079344756248798E-001
   0.607422222250432207967257982093E-001
   0.620075986513078703183972458199E-001
   0.598055829093092152669857457682E-001
   0.637225599772005037511467005111E-001
   0.599653347329465677967538093362E-001
   0.629975031039809128489671526164E-001
   0.611842410424536580270182844036E-001
   0.624619269523989346403146190007E-001
   0.607730359836814326399822750942E-001
   0.671661807229671350780785552127E-001
   0.646386898215441110669728502699E-001
   0.676317714260186709547402161367E-001
   0.662634230484578982390821843681E-001
   0.673346740839485626196569778256E-001
   0.645622093000371686985916850561E-001
   0.630259914133628976848331593177E-001
   0.607863012664904639291920686051E-001
   0.611572057847127895262141009732E-001
   0.600504205409095933653481115889E-001
   0.659763539267356255913859117276E-001
   0.623318371465987660732276722662E-001
   0.622221175942090800522393784965E-001
   0.612450700300892016130601854941E-001
   0.657686351570957527812278394240E-001
   0.632735126463645881391368844138E-001
   0.695956307553997872034142244643E-001
   0.705766496353633096076265497943E-001
   0.652572621653235785214145423523E-001
   0.643167256629021978296288579658E-001
   0.700759758190128948747258814795E-001
   0.683967116673382549463947207365E-001
   0.644896688709034187140944196164E-001
   0.632588013420708514169457643082E-001
   0.692072893340128866017857111529E-001
   0.667592052512249116128112448112E-001
   0.698795082942608441588276423196E-001
   0.664507139587892468522761400824E-001
   0.710268473251587176581707454601E-001
   0.682629941811913913067917690833E-001
   0.722880777351388437297385771046E-001
   0.692189955202378270958426120602E-001
   0.666741625835083474393372167772E-001
   0.655558088837002073468519496353E-001
   0.692850915310940536550347700956E-001
   0.678461051186866748269233506394E-001
   0.619740436933823271805454272695E-001
   0.598629553681664748047118300939E-001
   0.598882735977943645702620738117E-001
   0.593285298994613512620728893595E-001
   0.618702266894331700667846823836E-001
   0.583433343034908230549478930757E-001
   0.642201192094072529567127387936E-001
   0.631917019197032214356418587276E-001
   0.617282139340864644825022394394E-001
   0.595853574078941954877916886596E-001
   0.697943800367340221469977733914E-001
   0.672860575441316589757796296842E-001
   0.711047879885762615504915106739E-001
   0.689386769695191006157288167135E-001
   0.684186996724073205324349201267E-001
   0.657860521199853535920559329622E-001
   0.721000413778825179700274261142E-001
   0.688978909268969588382028493440E-001
   0.693946691518142208249672356726E-001
   0.662361435745457673461970303385E-001
   0.767743514685060237103297295680E-001
   0.757955861197188975523790095890E-001
   0.769683683186451642206058696465E-001
   0.743074090769925576195613628517E-001
   0.754681814080840572855619772172E-001
   0.725664891815637508955849049465E-001
   0.777826646465156002752856589548E-001
   0.751831859505554464883069204494E-001
   0.787547601514729895732819194179E-001
   0.748521727902882749852404359941E-001
   0.798093623232265617224997413346E-001
   0.799513016981257222302129571371E-001
   0.788894655233271324667515777299E-001
   0.741354109299697418205873598289E-001
   0.822443936175297964430145063520E-001
   0.765731320628207123772963464241E-001
   0.742501505098918223136608616603E-001
   0.716375570576453301697392264540E-001
   0.752592001332520252574672550630E-001
   0.724280170142280392416373228012E-001
   0.721314756642738756864214645074E-001
   0.695008535741362145757596506311E-001
   0.698766774070525347029891261614E-001
   0.672620527853654384008216591389E-001
   0.722846138146609527576813825326E-001
   0.684143969285558002561707391821E-001
   0.699997931485942446404326176224E-001
   0.662337305397583093579514481278E-001
   0.709863075305555247670996509146E-001
   0.683874463391830803387469110238E-001
   0.704168180079208767701419410036E-001
   0.612168201059219055564721423284E-001
   0.718995547381273862974533181131E-001
   0.617554820882680007703755022174E-001
   0.717614601856309013890102355358E-001
   0.621721576466931123089540590433E-001
   0.709094501518193538425679781542E-001
   0.618492676742852361236178269975E-001
   0.699164010761842596696326111421E-001
   0.611385433603047900541196285199E-001
   0.787977799359608283062015726480E-001
   0.669670238785368752412353516492E-001
   0.772347935201814159775503852327E-001
   0.664712561070565215200392514557E-001
   0.787482173581314189222165647224E-001
   0.685614094343889805423059824083E-001
   0.797586837227056653219665632407E-001
   0.684743568786565838916756911830E-001
   0.747519901331464701263061594730E-001
   0.647539062692091129815793163199E-001
   0.731704677721793087158636177122E-001
   0.616047832564227019440891203631E-001
   0.734298018425596372171192018830E-001
   0.620305612096535431152298303493E-001
   0.713737523739397545005414813927E-001
   0.593012253513639794834845069074E-001
   0.704810497887997850054739700972E-001
   0.588940247448451156054857508418E-001
   0.686084578373598599422945020531E-001
   0.588030833121008103451121875067E-001
   0.708023664833408462557374562486E-001
   0.598833119849115319445943592816E-001
   0.709705259479299952314564942771E-001
   0.606544947825292537665832546952E-001
   0.678041235320876300081917579078E-001
   0.579468917586114071637619349468E-001
   0.674424045397322199698232724101E-001
   0.583021631062467544309492760576E-001
   0.721157075559904985866050378285E-001
   0.620071847391927697139293315286E-001
   0.700147388193829083409323846139E-001
   0.613806425228664783145721247106E-001
   0.733617143049685656044999783261E-001
   0.626142141234030769495082651127E-001
   0.713366230046605494127335211691E-001
   0.611403438306063615129551809229E-001
   0.740998351564131939669349203805E-001
   0.633640019676600397607342885530E-001
   0.718488368816738676773099249310E-001
   0.615042003705324823830210756131E-001
   0.760562360268011736973152402693E-001
   0.672942585016433414446670953348E-001
   0.751080167573048852901828119355E-001
   0.645368249049554406666747934723E-001
   0.735847901512928505548990449074E-001
   0.642689024032411853269047004271E-001
   0.734284066259721376754310149518E-001
   0.626396630041483424766368646084E-001
   0.733769663353264944462899045599E-001
   0.628383518382569901422366504111E-001
   0.744096454273907268355893330729E-001
   0.625982893451836790856925453113E-001
   0.747595471648014620916502501867E-001
   0.641908296139616598366171267733E-001
   0.758608203298196082135771862297E-001
   0.662072917887540791181916819316E-001
   0.742295162707810111074531514047E-001
   0.635930054545806890400680027970E-001
   0.760609148031390985014029099817E-001
   0.655619170608763035162815597841E-001
   0.709577889606278451254717394541E-001
   0.644456581277668543242379315146E-001
   0.751630265099171797158970337765E-001
   0.651596903871088552975108053879E-001
   0.767044749915780220315202540962E-001
   0.661441173692080051273266021134E-001
   0.759421076351617291514959963537E-001
   0.651867897135067006101694505687E-001
   0.743807183197075527862715840399E-001
   0.643181807129645589928143033610E-001
   0.696949077828458127765426150950E-001
   0.604752947797259889452881648285E-001
   0.689343600109211994761482276425E-001
   0.592482509361757807142443878118E-001
   0.699344857081323942078548423835E-001
   0.615395939271508499494838350368E-001
   0.690094729613026136179967667853E-001
   0.593878159948146565969860859197E-001
   0.715067051368710950669762556836E-001
   0.608897925230596244909175495759E-001
   0.755558667459164240427459988607E-001
   0.613756673052982014229127793936E-001
   0.692107216449987471620558754981E-001
   0.586886581321635556360901379252E-001
   0.768716858248004455193981632108E-001
   0.626652332076066090594474373012E-001
   0.704368962672218246130930891818E-001
   0.598345330598501180442946356046E-001
   0.762187181795353881766234557403E-001
   0.631453165856214095702480658940E-001
   0.783284629319261048847803081779E-001
   0.691029263915178881889851137720E-001
   0.762040331689378619504694448831E-001
   0.631289695241660808262788407077E-001
   0.790860510427129050464552460189E-001
   0.684235803611447887340070708219E-001
   0.734446550439161392180730212923E-001
   0.624005141020996463958379465520E-001
   0.774590031915593863833354181331E-001
   0.666323332943519036755789624951E-001
   0.687983825256428312350996926896E-001
   0.601006030488563862724004366336E-001
   0.672413139174697483381777788573E-001
   0.583555190633843025789257891639E-001
   0.704742378078583575241130558200E-001
   0.604372455238938937440078119818E-001
   0.705723124725562806978108976469E-001
   0.598562080330464426982574573373E-001
   0.698024811901891804413331067440E-001
   0.601945365569409909395618363083E-001
   0.699876818479128327591479237175E-001
   0.709636917589579492813253110208E-001
   0.677704551311719288751748217494E-001
   0.721123215837968990724878129377E-001
   0.707096957240622147694052727602E-001
   0.771996481357342188405757683263E-001
   0.754292136362013183881018872951E-001
   0.766507116842384186936280996935E-001
   0.758529659446068806164028833183E-001
   0.792155287095126325987658874730E-001
   0.802291232662272198622543259138E-001
   0.808714892201516899231483205665E-001
   0.825445950976216715506507465523E-001
   0.753769404216883939808462064676E-001
   0.787298195201989977729815476088E-001
   0.711040971108462495123675833109E-001
   0.686107826683820994004467965511E-001
   0.723095278566410496573860978342E-001
   0.725724594154277815986686917755E-001
   0.693070620280095562504906352150E-001
   0.707214035603610507820537411977E-001
   0.720390430405486735515212051689E-001
   0.711411839756207592842694449378E-001
   0.709151248327310676345918402706E-001
   0.695814215116506015299900912873E-001
   0.760555741536268770199156970945E-001
   0.750774623594878942868074311447E-001
   0.738249465347323231481652138216E-001
   0.758460328661515470758229261330E-001
   0.731137848436708708544396766531E-001
   0.769997548995889869106388978761E-001
   0.752745155139932926713788783482E-001
   0.742389240067336173880281241670E-001
   0.731179671351094916845146985017E-001
   0.744699737557978672009538128562E-001
   0.717286533430371439722991439671E-001
   0.711745749122743136370427539159E-001
   0.690393628495083350703482937911E-001
   0.683638910314962159954623685793E-001
   0.697091695898514494467366785353E-001
   0.686483464555618376136862517769E-001
   0.706491410087050850190476860104E-001
   0.695146300345822580612164975527E-001
   0.724026961302562092205614179215E-001
   0.697419065996900420304972022903E-001
   0.751563246529623858938280630484E-001
   0.747702215418343093782086380304E-001
   0.734410133149202575265377768188E-001
   0.750798990298330680611699361059E-001
   0.734888059585318965827935201619E-001
   0.697712958339308910826729247056E-001
   0.713676218552667059785699546055E-001
   0.723776090148929898320461138444E-001
   0.700809763349923517843617410622E-001
   0.722798754155818341613360977463E-001
   0.710823949607948072366844941054E-001
   0.738558571030057727365287027335E-001
   0.768510325168183567716316652643E-001
   0.760160412485458685896788676940E-001
   0.752938639131145724705380315006E-001
   0.707847656346069721126394122790E-001
   0.683489192343660323821615812811E-001
   0.732546434478005190096535578353E-001
   0.696056010471217861626318557528E-001
   0.742537052498516435706834136189E-001
   0.808026675910873889307000780774E-001
   0.752626196851869591129181144260E-001
   0.798299344942711788157656435792E-001
   0.729214402369178730277019210545E-001
   0.773902823538045735472916789660E-001
   0.775661854528509373586509886928E-001
   0.770768873883789672477180789242E-001
   0.790608053492235071446068507823E-001
   0.746634705160930767970482732014E-001
   0.774481867178209169278347465829E-001
   0.696701917609606865591076641463E-001
   0.673434191450657200841645276310E-001
   0.689281266908793751185536543800E-001
   0.717116030151893979620438221760E-001
   0.694151417077894384081093187177E-001
   0.694630397036525141219254420049E-001
   0.708743483346251422821706676374E-001
   0.686040304997621108930220522381E-001
   0.724652337495509389667207941979E-001
   0.696595624782859881832526370508E-001
   0.800669059202934352546376556740E-001
   0.772619484301184617373324057753E-001
   0.759163939431088278931381044735E-001
   0.782538468783270079056617842504E-001
   0.807394678041328346272870758599E-001
   0.769745734693553568835660623455E-001
   0.741985691990941413974706381583E-001
   0.766035075580000647289633940007E-001
   0.726577583895253331083464220606E-001
   0.718587493945548868643883981767E-001
   0.721420752516303376925560170560E-001
   0.699149516467375412828206351556E-001
   0.742953146205062487414755518231E-001
   0.694099717382633038023264195167E-001
   0.712151205942132552682830902555E-001
   0.613365593641214201898776095364E-001
   0.628019571581176514047003179831E-001
   0.640432706201010452175063396528E-001
   0.625139420115163812102247263359E-001
   0.621124662910792438357762829512E-001
   0.686982671086923316884679860606E-001
   0.684051653050075874155371029304E-001
   0.684954838109660301341518083024E-001
   0.699543727033585260318898840352E-001
   0.671474725805390876187511557324E-001
   0.650681584993872626484429131690E-001
   0.634536633019234807818939748657E-001
   0.643783242645742983693354649413E-001
   0.626327120935230917376505493035E-001
   0.604148481936865818398423325029E-001
   0.629506099253456032855989457488E-001
   0.621445693882804230117004981759E-001
   0.610951743980438835207312926285E-001
   0.598845038845854157028459316743E-001
   0.637582843847876895619981890594E-001
   0.627812930201729675808623687764E-001
   0.650842180084543509302356446308E-001
   0.633283898620022982295996803611E-001
   0.655371611233328411580464058122E-001
   0.636549720703499105879506326701E-001
   0.698567455505814935293608748431E-001
   0.674629795454495904010428216209E-001
   0.662951768226361341133481240895E-001
   0.668406348391800468242092650840E-001
   0.712121176398956743272175283669E-001
   0.651770827219612674523103680742E-001
   0.655727121971720332201614550389E-001
   0.671883696199471762215606712066E-001
   0.650569418887105468431963152992E-001
   0.666378493568178584321826093984E-001
   0.625148813753994217138960407873E-001
   0.678715132405842132282941745584E-001
   0.672440408514351603981098213205E-001
   0.668057458991243635165154181899E-001
   0.629043644989398096241808226539E-001
   0.615282246526095327085260415510E-001
   0.615469739620279503672630228767E-001
   0.616048191329453285829928541350E-001
   0.614707301101146129396494708998E-001
   0.612967791179321162579630276195E-001
   0.657559101871115600597215488731E-001
   0.617307448731456903449131714570E-001
   0.671484029864055515421922838639E-001
   0.630076791445151876506969237761E-001
   0.682407992876518185957510452264E-001
   0.715329742673111275385157446689E-001
   0.714608803725869682478866590406E-001
   0.721148575238034270143885097528E-001
   0.660669810763916172145529809174E-001
   0.688369342262432976107455078657E-001
   0.604172710914475729697247059486E-001
   0.597465473051531012545106824128E-001
   0.625774226971085238193973296206E-001
   0.626054458275707359977627889528E-001
   0.621385249080578145060866812367E-001
   0.653653559459413070435184162154E-001
   0.657948465412755202306486777290E-001
   0.669723942418933415541930622496E-001
   0.672240726251731988918157186618E-001
   0.684714590717111328779250120827E-001
   0.684615789949082373224130325947E-001
   0.689413926753712543848783651303E-001
   0.685723167676322455113808153979E-001
   0.671497023984675238742963687367E-001
   0.669870572031090872911903097929E-001
   0.771906192571351605299759354259E-001
   0.770413751385563375712178921301E-001
   0.745301461473175785557666008156E-001
   0.749842457123914456174207178807E-001
   0.771025391946803691362283417268E-001
   0.766704833981237932493071047400E-001
   0.782540710575546290155668118665E-001
   0.781446875650169304877509491958E-001
   0.763356340327565312308467225516E-001
   0.755496777689730693917818168199E-001
   0.677387034917292753074745849109E-001
   0.702412004029650654110527015188E-001
   0.676439480559828979498524284972E-001
   0.686863589805578160220329271612E-001
   0.709702579548050671047147901925E-001
   0.702336851503482185169591553225E-001
   0.679305992447667412221019720872E-001
   0.681893797332750135100250312127E-001
   0.685381145500002077953831201477E-001
   0.668894929478906858986331741391E-001
   0.673303119140870462748989016721E-001
   0.684301924390746701353336977033E-001
   0.667677282646874106577405503252E-001
   0.670079471401259353316961928536E-001
   0.725481279286251558151213998314E-001
   0.692813068173038451987506797135E-001
   0.683123447425565642604671268562E-001
   0.687838942446575773709912955575E-001
   0.721485437795145632801079622316E-001
   0.722486604841368239571076115027E-001
   0.580026314735280895247668748871E-001
   0.595033105225744695542873138854E-001
   0.608941453405374116909251100640E-001
   0.587055991648613066746100381269E-001
   0.592968757381311454169681555080E-001
   0.679359699342195965511835155652E-001
   0.664574921900032617233728944936E-001
   0.678744638078136593408496312163E-001
   0.691295009408200316702199096663E-001
   0.656834538640267255782927302075E-001
   0.615665023799183303991690642212E-001
   0.595302967795907369799456476094E-001
   0.604359319830290941671202986855E-001
   0.593370021046464047884382192026E-001
   0.588573221253195567776715082129E-001
   0.591786604307513520212324343339E-001
   0.590230831927338285036026405169E-001
   0.617371069304176863427755087715E-001
   0.603363592870108153060635134772E-001
   0.635944897677043662918295613650E-001
   0.678582884585947483122815342111E-001
   0.598223469732640957093336380123E-001
   0.697883624751866940083708551090E-001
   0.626008804586261273788435726483E-001
   0.702345608024740036402972268603E-001
   0.617240742240519228917714293254E-001
   0.714901527959939673373694082339E-001
   0.634768281845223032075950390694E-001
   0.714597813676316051449183510780E-001
   0.628336796825642536439699590214E-001
   0.794440586025163525926088124850E-001
   0.704603822243901139686820165069E-001
   0.737853348244862128381077608763E-001
   0.650473114431536703199566548432E-001
   0.771025149977747017414124906385E-001
   0.682165157739410063762712947118E-001
   0.728670005841825926270911205355E-001
   0.636899567826378839413332902610E-001
   0.767307609124997106815063664016E-001
   0.663941090740470243394361400706E-001
   0.748724916213841869216916948581E-001
   0.658113689016380063186164378694E-001
   0.765138864892182546678555985716E-001
   0.681143243863053262290568305168E-001
   0.781685356514783316423517572935E-001
   0.693691983858581211189659501871E-001
   0.752733938159082132171077676554E-001
   0.656696564804553002606590241938E-001
   0.773935198585206878710424189493E-001
   0.679719412105073981663874110031E-001
   0.664384005678627310252452803356E-001
   0.587077449422184397269658089614E-001
   0.692350442861272330065947117815E-001
   0.635642244837865365676161122404E-001
   0.727773330588387069946224231833E-001
   0.638518148302849904196213666022E-001
   0.722085105801300753324846904184E-001
   0.639863493776164729700480606276E-001
   0.667879873641792706944178607669E-001
   0.591682417578591497383432053137E-001
   0.671447549679473658232431565747E-001
   0.590181122172399386216300126614E-001
   0.686035518308338383730423474949E-001
   0.603710439702169434588030644152E-001
   0.657425669363997930924419288906E-001
   0.581859576006117730639077018117E-001
   0.677728384563267137555504921713E-001
   0.591539191925478018160475749394E-001
   0.661212295664670786862361717750E-001
   0.577401092510716382020834339426E-001
   0.713603257905423553423402548990E-001
   0.602528305043005121219979090491E-001
   0.698389131005691202108694162836E-001
   0.620129630267770547935358111700E-001
   0.722010593362185690265236243526E-001
   0.620353581735751225447623175436E-001
   0.710192268935606302861235989752E-001
   0.629797132291752057391660937002E-001
   0.742924553038469860810151584076E-001
   0.631831775930481628988884149883E-001
   0.795676739235896119243315895891E-001
   0.700616728274431425910085664540E-001
   0.751320410828735550198158449163E-001
   0.648467649513492047769579828739E-001
   0.786789054395289714257818127118E-001
   0.684117311006756936200636715592E-001
   0.724397973709373513826952847111E-001
   0.636617810721863483118683333310E-001
   0.748182784154539812614191549148E-001
   0.667222556548153214869402575367E-001
   0.676913577531012709743294015495E-001
   0.600442342417624122771874549629E-001
   0.656668753175924977310410289342E-001
   0.579115339157243977101542477203E-001
   0.688057141793935322320127825543E-001
   0.607419196473897440463057092451E-001
   0.677393342300762039235994691886E-001
   0.596302544311216916366151145751E-001
   0.668790559705659765170031802785E-001
   0.595679810400471100418003138660E-001
   0.677701379298602654258146556601E-001
   0.698474109890087939492308797949E-001
   0.704226666068672717000693558224E-001
   0.709868009570958169708436171214E-001
   0.713277650991018346324815798952E-001
   0.794806431393524080209829334213E-001
   0.738035618505931129974424256934E-001
   0.765746662059658713701343097254E-001
   0.722294682902954478036202919417E-001
   0.773067666273948407237125081272E-001
   0.751292456542565026255170271488E-001
   0.781117074740830621818523586431E-001
   0.790314133366338482493910237877E-001
   0.744468383795114862561050717560E-001
   0.769330900329992678291317483050E-001
   0.665352886326050324187927450275E-001
   0.698816021154348598129600487395E-001
   0.686846846562207319716116283773E-001
   0.721168210505288296159396782599E-001
   0.666492108777563998341369382116E-001
   0.672538289022054442383710055976E-001
   0.689726236238910388029933049525E-001
   0.656367289281870077058665052094E-001
   0.680880007517674585117219937929E-001
   0.657199164309946534520281567529E-001
   0.708001108391979106966756029283E-001
   0.723469290538193503207744616309E-001
   0.711359121050321037185440440351E-001
   0.724958608750825907311104931230E-001
   0.729497975863472543877063618345E-001
   0.796340092250684253868391696870E-001
   0.737818994037535825075166793284E-001
   0.765778709697735905114955829457E-001
   0.721871054028245965940400019091E-001
   0.772131859738117754496457391682E-001
   0.690867970982766242139436158665E-001
   0.663356936771335132629890692514E-001
   0.685570369147501810603139930227E-001
   0.672851266231741809821605226473E-001
   0.669432555252674825694326673566E-001
   0.620749265525323171854342070921E-001
   0.619855425385645791124540326316E-001
   0.622278873815526851144112564848E-001
   0.619661097864556823879836626373E-001
   0.619853941392792881208157714669E-001
   0.651189818877774760146294203900E-001
   0.630712666551336121215697463269E-001
   0.654216520948176919088329922988E-001
   0.623989071833533559384918246409E-001
   0.653912011872883215607222012287E-001
   0.607074791823068328439977798763E-001
   0.664437189137129338919231592854E-001
   0.633127017530351553543121068803E-001
   0.629047233154949126774144599285E-001
   0.608626257408885301115169849760E-001
   0.610552341627523772311198818743E-001
   0.630972874018745729238822086772E-001
   0.619940689290665593619674296681E-001
   0.637769130142830947079816991735E-001
   0.591904534692775217238041625585E-001
   0.616931395619105254044784106492E-001
   0.596015040533679477683863346119E-001
   0.611131005620038119978285844088E-001
   0.595065061128858443514992211849E-001
   0.603016452504298886870411871353E-001
   0.606314321824003181475163293674E-001
   0.617551734577744497251479263843E-001
   0.593457124415600835814112003464E-001
   0.598111400963628205067869793375E-001
   0.599939725472382723449963313663E-001
   0.641142648775992820766910781128E-001
   0.629428627622846416334483242875E-001
   0.601573866451810068981229270213E-001
   0.644348148413544141388471568143E-001
   0.604905334776111757773974140267E-001
   0.623505300820014682237644088059E-001
   0.619704630561914583972052695109E-001
   0.613239303316693701045041777500E-001
   0.626257000428194295406582242099E-001
   0.609437973894469983012069468668E-001
   0.624986198087550893910734624226E-001
   0.591117988108410079639424716758E-001
   0.599234150195262483841535313107E-001
   0.597643944645172186648682283410E-001
   0.606187083418843833293875607278E-001
   0.661297498992157135524154226339E-001
   0.658640417042911542339737639483E-001
   0.652762128438961602533031126340E-001
   0.660696546357278773251756663131E-001
   0.652986593352339008820811871394E-001
   0.622934473416936504190945841792E-001
   0.603912934235800559565245387983E-001
   0.632737412228907358953232346555E-001
   0.604278527302847583955056860680E-001
   0.629451865411876331258152678197E-001
   0.654184364708130522912571424977E-001
   0.613223476937469042547975565749E-001
   0.667562266165674610822772939813E-001
   0.612945479747115950503997066523E-001
   0.661042877175631191523664215184E-001
