  -0.709615342538212587267697388689E-003    0.909809675974292719710993571966E-003   -0.448918996150236137812090061151E+000
  -0.330453394706137396542635016249E+000    0.237998642525987839725740612023E+000   -0.202259477014711292485789051451E+000
  -0.325888113949845466123663887562E+000   -0.238336655854238262120856150793E+000   -0.201818711180847411641317693064E+000
   0.121557351840401144400596326009E+000   -0.369388040388678756685651573909E+000   -0.195586037434597905548051493687E+000
   0.409879664172172663034683602916E+000    0.212312680550412030186670179935E-002   -0.205622623948505339118039176283E+000
   0.119059198441341261979435811241E+000    0.373286002126825820354789690563E+000   -0.195027851052673948163376399737E+000
  -0.392773262493418237077311125892E+000   -0.228118063569759531666362526769E-002    0.197157160238931187279673016912E+000
  -0.121679493925102611426803334455E+000   -0.381393473024804095947198020352E+000    0.199308444329509662479106159692E+000
   0.311179000292437906478076901809E+000   -0.224442250087231001528290944144E+000    0.190701502029286111835534817436E+000
   0.311776306129459283255994284953E+000    0.227850953111323495882994493011E+000    0.193321328695661726439526790700E+000
  -0.120572492628663720899396349461E+000    0.365797125718630389679321749529E+000    0.193993242447014775494287339437E+000
   0.628159566339202369357745459269E-003   -0.121502815651088418043834620788E-002    0.471920653252062529924188888588E+000
  -0.178387828184382273300678925324E+000    0.128709864204245580471222256702E+000   -0.353877218650714179363608863365E+000
  -0.181537570074089976429327420859E+000   -0.131958673429856040906561427245E+000   -0.363004322962838970102532510143E+000
   0.714420733247083944619189783855E-001   -0.217762802013054265651314560018E+000   -0.372774226392264401861931419117E+000
   0.219999836158448844313260186071E+000    0.165224535485217434212233069388E-002   -0.357131406304470891235172596363E+000
   0.679979078087915432450833129604E-001    0.214942214974056798013963249510E+000   -0.363475788537620585399682605124E+000
  -0.368818483611513421636295910710E+000   -0.119594601230607554164994436594E-002   -0.227084337089855552930541535467E+000
  -0.121726337692476358714354498045E+000    0.368389332278774961671511943298E+000   -0.238342288931961614418674631807E+000
  -0.468429458322302406478315247422E+000    0.149818256408194165321415238505E+000    0.111455063768093198446087350408E-002
  -0.282824459304291438127092000039E+000    0.385548019708302276285210353195E+000    0.138885443076613255904358822774E-002
  -0.116028088317852786489811465161E+000   -0.360767775837567846224061331350E+000   -0.234960082292451702688014090158E+000
  -0.482292780377087358753823471813E+000   -0.159125130459028432009792538744E+000    0.421803977036005524491661394286E-003
  -0.277328618397932549569770892388E+000   -0.385250475727576994658216208604E+000   -0.397747616029016293850841472643E-003
   0.308287802653366459055600856174E+000   -0.221822470784007093158084941997E+000   -0.235951458995100237845181376233E+000
   0.197602578227937464652895706625E-002   -0.470141080810306289183687465832E+000   -0.999400156272214975658845841650E-003
   0.289128608668256397634960951991E+000   -0.394555307347019193840291693810E+000   -0.124215470045007953885323322830E-002
   0.310888357482039384161574868255E+000    0.228655955169667817247396453603E+000   -0.238394989977439195342028792818E+000
   0.466125112263039442416724887911E+000   -0.149369786539176933050354728341E+000   -0.933525516958249211641584820978E-003
   0.474345365129644119190314147074E+000    0.156290012874769635840401182299E+000   -0.240157612948869498863527582178E-003
   0.269516904660812129874048019512E+000    0.374306815654690618792210414696E+000    0.560486371247348261626282490283E-003
  -0.211514508644469249345728767080E-002    0.475552577673639007172256651524E+000    0.118873187141758794854338985229E-002
  -0.296524582836825055496778069388E+000   -0.218255843786582662272164708363E+000    0.227466859436765722689338707275E+000
  -0.294266217697885430176221900884E+000    0.211406175535418096495597447644E+000    0.225306360758384712151066291791E+000
  -0.223514698463605328236723244670E+000   -0.193227521098678445947006999878E-002    0.362827263456658304816931070656E+000
   0.112074703487258602893457481308E+000   -0.339755814849036192436957681142E+000    0.219829167142431240088057127947E+000
  -0.673967942407631327313296053343E-001   -0.212932909069949132316852050640E+000    0.359828448055029320953566665430E+000
   0.372935927770232228030574290283E+000    0.955673229885422544762649267191E-003    0.229867690542902647960736279260E+000
   0.189150091392803353334011100390E+000   -0.136820491644559682266873178514E+000    0.375642786681170219366729648588E+000
   0.111798963396024472628711012509E+000    0.347720084904163962582020250985E+000    0.226797070991999278481014219846E+000
   0.184595304777820531497540788176E+000    0.134010610894227933869222133774E+000    0.369527558747180405288098042774E+000
  -0.753754947617740932525086401049E-001    0.229134287821124631701263767550E+000    0.392865145057216093742063343970E+000
  -0.281877881682704797808033849817E+000    0.674298641819116795834166623540E-001   -0.302554888506385231287683041906E+000
  -0.156421701399322796968188446621E+000   -0.255161974937624516354006881459E+000   -0.314301037921750750980513990073E+000
   0.192215376420805548069124561407E+000   -0.223993422561799942633168544640E+000   -0.310967369950822834697393046715E+000
   0.286696218586238364773884398809E+000    0.120388868667359688738989256581E+000   -0.326303637192712282229531445099E+000
  -0.247792927680132406321945776328E-001    0.299954666996360998287410744729E+000   -0.314052882660758230306739179743E+000
  -0.493224121786069113551015292571E+000   -0.226141257206471360392859452227E-002    0.799647868525343268118079458589E-003
  -0.144769484035495272878160164332E+000   -0.452148746620349373496272058804E+000   -0.744694297810740855042558210026E-003
   0.378750594448124348793705162083E+000   -0.272848659592909413402408592061E+000   -0.109151734915544309640143153149E-002
   0.384000372837359052170740425211E+000    0.281455305983688265057535682344E+000    0.179912498274269318114867356490E-003
  -0.154590355935236545745427983134E+000    0.468567371685868704805359936401E+000    0.139412602605858285688338641614E-002
  -0.294050089808492106850701685827E+000   -0.304818348552861025094046408581E+000    0.121558743149034120423446584449E+000
   0.206307009099618059889274472919E+000   -0.388510129276414177358341988586E+000    0.125280583386745022603225619671E+000
   0.446698644055731475780776755721E+000    0.781565375512851102909863021268E-001    0.130024663043908616838184140178E+000
   0.594329092420825772721994092963E-001    0.420564764160031586629394891992E+000    0.123239404353074825738004932436E+000
  -0.393422477081395062455932679674E+000    0.191696387432015041045472907465E+000    0.127051848951873256695878719065E+000
  -0.153987631868743045057796915649E+000   -0.114276299503549775538836604462E+000    0.383170573821862884410537986206E+000
   0.611987681975575932764202343571E-001   -0.185100356588111583636705136694E+000    0.387229148297893753430698561055E+000
   0.208598479859684606735098734030E+000   -0.185691233325029857206325730663E-003    0.415893282323355905203591482915E+000
   0.614929727773628827201332227631E-001    0.189394311246718051610811519382E+000    0.400367853812355723866647487599E+000
  -0.158100876309038098454442245074E+000    0.113163911792098338004081788169E+000    0.391465111514289297047782345847E+000
  -0.191820215555334527170424240458E+000   -0.716679708001425274017259487007E-004   -0.382053256628353087740929439116E+000
  -0.601090795686530468483660651906E-001   -0.185032774307855452943183841792E+000   -0.390446379434146410491153699272E+000
   0.151987895117726547240100230924E+000   -0.109116659631989718635952554659E+000   -0.376434612338890382840170709304E+000
   0.158215615344623875840222648449E+000    0.117244089451177438941279485760E+000   -0.393801659221030030528494987710E+000
  -0.598757756553620266567825327900E-001    0.180506681808598382422629202275E+000   -0.377967170416440586624300566398E+000
  -0.447234302589402024817038595403E+000    0.748481133697082446143206786434E-001   -0.129423609554246887427874511396E+000
  -0.209904462228882952696965079355E+000   -0.402840124517308828811749971524E+000   -0.131188587008210328644412846478E+000
   0.312017998211775213028342266552E+000   -0.317416034054953167006985614883E+000   -0.129189509296963906859581732844E+000
   0.410311683835160285579016540546E+000    0.205016542084168079286399481592E+000   -0.131991226391090570460792322063E+000
  -0.681441289930583922453611478610E-001    0.453632114221294792116094809727E+000   -0.130632436226203871917651433673E+000
  -0.404385266062742482606292506682E+000   -0.202249186986773911375648928467E+000    0.130223116600393711053983312586E+000
   0.649487026673147876491031716045E-001   -0.433352889845295606946682232982E+000    0.124893786931539756883579371341E+000
   0.443035292439602100735547996999E+000   -0.744158663978059174825299317035E-001    0.128416911600688356289394289523E+000
   0.198267361163251265522609308360E+000    0.380474985057335536786279887409E+000    0.124156548852814735993939315014E+000
  -0.291542026041770069875544743613E+000    0.296228851119507459595466432134E+000    0.120836056303862550313824671495E+000
  -0.282406385085939518811406207749E+000   -0.118790340660673792245317430999E+000    0.321466583474469933586218232242E+000
   0.243699257088596325706698679398E-001   -0.296629447530325992436592293502E+000    0.310483709713875470157822305528E+000
   0.293799191359924569282513782927E+000   -0.705675831506727608689390161755E-001    0.315656319470345304498496238308E+000
   0.149799186496608755391008232882E+000    0.244294819185172937087970220498E+000    0.301392362115441852653386825828E+000
  -0.195701061064332934724752897719E+000    0.227665880902563473186148595262E+000    0.316597256124404699052087981352E+000
  -0.288597692913123035707634118781E+000   -0.704995777188840504876951673250E-001   -0.310743338644434792425177775253E+000
  -0.221390389226631559311808942006E-001   -0.298287079601095428390356569582E+000   -0.314735501179598136662573040792E+000
   0.266186562348194732129094215203E+000   -0.107924980970181274585138360824E+000   -0.302386479821520241903287183298E+000
   0.195571015116979238751393604158E+000    0.233160394233453812369996109870E+000   -0.318567033284253572769605057634E+000
  -0.159011634582698951913507556432E+000    0.255615187855483561898915118731E+000   -0.313876975299992072283112401942E+000
  -0.449927344729572421550861757200E+000   -0.789547505937963928809752208048E-001   -0.130754152316621492784124959324E+000
  -0.601076560218302896501606257457E-001   -0.424778328198392503064123378775E+000   -0.124222708122175636780578687884E+000
   0.406959716789402066192368840342E+000   -0.198606198936646770687058468981E+000   -0.131281937283009732547786304610E+000
   0.302030431626085152231038880243E+000    0.312955359528982387288417983600E+000   -0.124727154616462944977328262437E+000
  -0.219783095193785931115515120938E+000    0.413404266813652124862094263279E+000   -0.133210193636670004172120968666E+000
  -0.398321655039746959629599974418E+000   -0.292123830800423426172126790187E+000   -0.708191526801616803872545000792E-005
   0.154534332299399939992590090987E+000   -0.468997626268777924920147928057E+000   -0.121839487403947204099451700294E-002
   0.506253206293646333287891941359E+000    0.206576869895693024240798335487E-002   -0.642385099848590360545108361275E-003
   0.141387789267460176779375670243E+000    0.441691165392239462674196733610E+000    0.902118849295157292969949738498E-003
  -0.385919123342001371677010982250E+000    0.277674567573746068334546120478E+000    0.128970998418819064802370944173E-002
  -0.189615856161041568703567195508E+000   -0.226174738985291800966269627229E+000    0.308856322382955608369997577183E+000
   0.152526179811512251302291774617E+000   -0.245617699844175891540992564525E+000    0.301469580912101514326521221560E+000
   0.296320257246357794579175779690E+000    0.721584721043389516741381538462E-001    0.319362201198998004258417865629E+000
   0.224936001526664369981042644737E-001    0.304369644250872735277185720139E+000    0.321600880118182997658716349799E+000
  -0.269244711428524491033496237620E+000    0.108864229598258094553725236410E+000    0.305906797786089180759140508452E+000
  -0.958437461461520752298396992555E-001    0.693559542274331331019582800828E-001   -0.412490953727297221482600415736E+000
  -0.975370925440286004037196146752E-001   -0.701700598713340687187199910790E-001   -0.422742406438966489109706109990E+000
   0.375311779865769428405313027326E-001   -0.115032480970959536829212563622E+000   -0.429814162635150278896940316086E+000
   0.118616949936198853894646826033E+000    0.135908198951283743976305950803E-002   -0.419985006296615707581757309879E+000
   0.355374119698681024668734627594E-001    0.113918370611800580218271864991E+000   -0.417663016171837501693478259514E+000
  -0.357254586547639378158807563963E+000    0.117847906250899618895541475514E+000   -0.219367960531563266660179331235E+000
  -0.236273627753021323781992709350E+000    0.316692578759964156757557459596E+000   -0.230132714857657543528455448369E+000
  -0.420028476362607102204434083825E+000    0.207124304210870501057435084033E+000   -0.110692469287363775545565251130E+000
  -0.329773993129081025332904366699E+000    0.332663930549793405950257522564E+000   -0.110559091512423777748654193710E+000
  -0.231658008963752933269437910662E+000   -0.315362623529907112993676497116E+000   -0.229745048432440795511761985919E+000
  -0.423721993710947719885222476614E+000   -0.213254737582495495234618173303E+000   -0.113128549770258157172526614464E+000
  -0.325246272941540513672703795390E+000   -0.333561318036775368383493714757E+000   -0.111542090677121883296403492517E+000
   0.223129995007858005738093873003E+000   -0.309734366925595009566597988622E+000   -0.225046417300893679118193481230E+000
   0.670251230341443509991847647960E-001   -0.437118813727688253833393987622E+000   -0.106746838940531853963864370407E+000
   0.216981389384819899174403116680E+000   -0.412635734059513516041345260103E+000   -0.112656109398274687383388809397E+000
   0.376784399712858310506142469964E+000    0.121370620917362884321820418753E+000   -0.232377645343420987272956554301E+000
   0.470577701347249221350052650616E+000   -0.766023885974486029070426437205E-001   -0.114779598596408406516878029602E+000
   0.469553313868791695531893739928E+000    0.808904995542254713538510695933E-001   -0.114331533519383609221932639499E+000
   0.200999835774162788354334019107E+000    0.390657506983543717255344268633E+000   -0.104302394490900558094644317457E+000
   0.646191328064868447776045336048E-001    0.447466971089841314979343955375E+000   -0.107006468110737805717644207787E+000
  -0.366574918756383125471067283858E+000   -0.118294595382662557977760243049E+000    0.226185153443839381020453352364E+000
  -0.357713488896603572424851529464E+000    0.110760299881927081812978558268E+000    0.220638556616615789230565218060E+000
  -0.318407958965776080009709319704E+000   -0.217862135059636587362303912530E-002    0.291873336079404641243757926834E+000
  -0.119017815710686315388498278238E-002   -0.381700914926464101225208761645E+000    0.222592698705394906875090687565E+000
  -0.972563642567056555452330479673E-001   -0.305739965255051107030656818961E+000    0.292137929227846811285306012741E+000
   0.352285723282681651266822401244E+000   -0.116497205819269017985771526628E+000    0.216561818840105033369093768111E+000
   0.251484251071388426397545428721E+000   -0.181580147399746733117044606970E+000    0.282103064174583933135796547385E+000
   0.217057635063334241864013703762E+000    0.295393218529899422693653470210E+000    0.215546069853906609660640232428E+000
   0.250023211196830669604589084999E+000    0.182272367535874097654288219538E+000    0.283072244290929465648934947047E+000
  -0.102800777295345458666741713155E+000    0.312123296649380769529871171899E+000    0.302100147555954621228442248295E+000
  -0.254860525942085938834054579335E+000    0.183680452249661126104800938641E+000   -0.285583634015303664776124357844E+000
  -0.256624548006125157939384991823E+000   -0.187256066874042030368336196318E+000   -0.290236207896299552670049194806E+000
   0.987197147095810888601728990223E-001   -0.300321341118574814118692667455E+000   -0.290264641126678324474750927707E+000
   0.316676363092798231556999320339E+000    0.191564819409609301768498615215E-002   -0.290215062075279742581211220515E+000
   0.958208446317445228116244133081E-001    0.301334230050396026761150137060E+000   -0.287992843720145516034101422233E+000
  -0.360409246020730526234488675621E+000   -0.121580024702462471705153189688E+000   -0.222503379651511558179035007267E+000
   0.108611577572270905928735394839E-002    0.385003101192044773601805256203E+000   -0.224489317236464474096379241402E+000
  -0.447870241366701837732553452172E+000    0.726413521882273613556180128433E-001    0.109385648015062216700409210677E+000
  -0.203962385555864876269538740239E+000    0.387421081325878788027228797285E+000    0.106009865064060431008414268177E+000
   0.419691173526138565100919382061E-002   -0.365564224092305603766932357936E+000   -0.215292637046822399672150421664E+000
  -0.453721198723167671895542250326E+000   -0.783919344137722430375618522463E-001    0.110622372122944088375927713692E+000
  -0.202026778367493265760678311667E+000   -0.392683294567338164663608313100E+000    0.104952308559467992919891636728E+000
   0.371567147783925789060112311311E+000   -0.115343527306711272553821040299E+000   -0.229075935728265355679144466993E+000
  -0.650595922053535459483987915893E-001   -0.449974519818985051720718369929E+000    0.107722241567199398024675490152E+000
   0.313022034249547994823299317093E+000   -0.316124050071547272211387422875E+000    0.105152114426788737102061569529E+000
   0.215559327925244657701138461728E+000    0.305523346426668769843580981377E+000   -0.218656973372819480714740018727E+000
   0.399700472791110583864916473198E+000   -0.197401797149095164197201081909E+000    0.105536780382637024989296382552E+000
   0.405613701782222164949630150782E+000    0.203950304648222501106461177235E+000    0.108496293630938433954185009577E+000
   0.306742774848264939497646696317E+000    0.314453588403265980352084593517E+000    0.105405820539940469807057176028E+000
  -0.671581531258872829907976631621E-001    0.436986211067992362020433110785E+000    0.106952388818378688758331813896E+000
  -0.209746901949166876892141425661E+000   -0.297373955664491757243828052626E+000    0.212820160586527210863404072954E+000
  -0.212727359881274586258153638430E+000    0.294892161047510786342219357245E+000    0.214613632733024138150981156247E+000
  -0.119767333889852194008596352731E+000   -0.162459469635000290944898872706E-002    0.423827551570514278989355244215E+000
   0.216071871323947173005650957210E+000   -0.290003786633125551440390916785E+000    0.210731639808779260078980707077E+000
  -0.358626488218483649173768195821E-001   -0.114845747891126655716970060843E+000    0.420311166727849172836751425501E+000
   0.358227803396507709560899070442E+000    0.120630868900380455118702852937E+000    0.221402916316747214445726021382E+000
   0.104035596090259787784591267013E+000   -0.756339037521386922761878105546E-001    0.448445455181875885162880117611E+000
  -0.439871304820993166860137217220E-002    0.372801026942534282225235236916E+000    0.219882916256182195924494877251E+000
   0.104227148226245578189515907842E+000    0.748069871282219834712367924585E-001    0.452434727439221507007575230601E+000
  -0.394491118804152447473894622803E-001    0.120292592015769207567109051379E+000    0.450615082790667844558949772540E+000
  -0.289934603023620638567856391085E+000   -0.658915795102429886479864815215E-003   -0.311694696157860623213669316752E+000
  -0.909146193530425816806649191366E-001   -0.281738753681494200826473461543E+000   -0.320227024724421669480927491968E+000
   0.232175531591318788445224004007E+000   -0.166931913775498996752022873374E+000   -0.309909335813323087269262577758E+000
   0.247289610168370097896845339090E+000    0.182340328796083956068397741665E+000   -0.331334724672222212907241406647E+000
  -0.936459422241022889343547095957E-001    0.283051709545902736838637760479E+000   -0.319920008999186596885682388663E+000
  -0.485231546008246979980835201012E+000   -0.425534344830028558059123849780E-001   -0.681836202613952450425222716251E-001
  -0.103586123209121371657238926669E+000   -0.448609910636088546778536195025E+000   -0.659214162164131818272761793279E-001
   0.398473451456660775765282524279E+000   -0.239329563275937332254106294755E+000   -0.668134486450586759791219496487E-001
   0.349056376655369295763183297615E+000    0.303771279214451278565034071151E+000   -0.651856164869722087526684956645E-001
  -0.192684195540447860835123818015E+000    0.453218676641216202355913876633E+000   -0.682349146278102461832924561415E-001
  -0.350769563108189960787279105040E+000   -0.305415356396981207315734110370E+000    0.656607289804873571965226254341E-001
   0.187477633235163537569173730380E+000   -0.441487394638435289320534616467E+000    0.666050724530409181394544366070E-001
   0.488112323736284586149594076030E+000    0.425628249156235779214776177032E-001    0.687813468258939739906528255408E-001
   0.101405439775213662310641378928E+000    0.439407217318241573403795383599E+000    0.647803272241151590537344583791E-001
  -0.395601426210976830636874744403E+000    0.237284394171341417115942962208E+000    0.664883048394832216665180066176E-001
  -0.174649182067717461833138357814E+000   -0.173104683712776312069255006508E+000    0.351636222854984263783650011824E+000
   0.109569868549594991807232207509E+000   -0.219642609746383412886832388237E+000    0.349474189944857047283578139701E+000
   0.257075719543524037741762123022E+000    0.374364728905542541932608984481E-001    0.371385234526585850394846155908E+000
   0.423171298071798373169371628289E-001    0.249514392779310437934059137039E+000    0.364306873099602100828007428714E+000
  -0.214728091903515153406083505187E+000    0.111010223261487051645065646748E+000    0.348032464905711098335386153290E+000
  -0.146688150062562848062322129793E+000   -0.349591826899753286994577930351E-001   -0.405876772948252599894983998098E+000
  -0.120512902320732256467972801392E-001   -0.152876703590479526825301645317E+000   -0.416540344840380047913057611207E+000
   0.136642547492531217186289229963E+000   -0.553301250629592387918241264948E-001   -0.400813079758832406833589745594E+000
   0.973847219557230613893346357119E-001    0.116677289029912061456214773494E+000   -0.409698030520233457910475813778E+000
  -0.780672613609520869511011801331E-001    0.125859377996447677170835414841E+000   -0.396804954004735392840474758225E+000
  -0.403934106202489716548775694675E+000    0.980475923203489732097598724104E-001   -0.177713646097443982853714184614E+000
  -0.224533711791684294081257297399E+000   -0.363923487272481922527850478345E+000   -0.184378305526579348080325735724E+000
   0.270335549399958392389973382731E+000   -0.317905384593294868419653033551E+000   -0.180704779937869608805089556178E+000
   0.397786926123934700314050648465E+000    0.164264016148710540784852888726E+000   -0.185291688165424380740438210805E+000
  -0.326164637646712572836880537117E-001    0.421525393745967840214055581892E+000   -0.180595123132042215977344234127E+000
  -0.436989791960682476163068991444E+000   -0.143145048774692171099827442637E+000    0.122704120689868220353838872113E+000
   0.769620831868103158250624046515E-003   -0.446398463323623679891767467118E+000    0.117691017889724325445293736440E+000
   0.425877832553141421976073758109E+000   -0.138047280181145320873778365719E+000    0.118173398415697906864330163511E+000
   0.254397549944840256716735875438E+000    0.350686864352494936450677391651E+000    0.115835816892883593885426548913E+000
  -0.248989051121807937740418472700E+000    0.341406808684150857790211286255E+000    0.113735867738550150843738692773E+000
  -0.327785779277732661543324254969E+000   -0.119791562683346123553329259614E+000    0.276853250946930359088137284140E+000
   0.118551318924607291536195677071E-001   -0.341248785235470222744814682723E+000    0.269227980898007573820311518244E+000
   0.322446211942130922523983639997E+000   -0.934823922904912111146078700008E-001    0.264997294335026974914563626104E+000
   0.183583465732361438889683996684E+000    0.270340420216729764896079592595E+000    0.259699583849939362186319086250E+000
  -0.206540333370934503325973993240E+000    0.264632975446984225414918483320E+000    0.267604481449534814528383847121E+000
  -0.268670021945457983996621784271E+000    0.125266639873356968903951543258E+000   -0.294356920453036396360724131294E+000
  -0.208312548332481113424484587287E+000   -0.222746835854222475808339956752E+000   -0.304520328162162817126909193797E+000
   0.147763746463937291656539054529E+000   -0.266234866027021016139882998944E+000   -0.305320530415536361722057593905E+000
   0.304851202679216610685098470388E+000    0.602802903181781171686324212082E-001   -0.310682134401753580587486386093E+000
   0.363402069850745432412096546011E-001    0.303240340836925101081759781933E+000   -0.303504951839969328020476077987E+000
  -0.477408721028525392216930325304E+000    0.368034583585828031602080961873E-001    0.574923760039979892330309066304E-001
  -0.178095169158817505966104690341E+000   -0.431570219032113678466229454673E+000    0.545315043871624582050040864545E-001
   0.350926470609563323274797566759E+000   -0.299303970967602198911852974107E+000    0.534062249496974319288118990728E-001
   0.402387792878544885725761379809E+000    0.246906023185559023996454579518E+000    0.559118317101380351008272906328E-001
  -0.111039636490001789249563433840E+000    0.460190970389938851040103380221E+000    0.573201801683206196500538022305E-001
  -0.249888069788821863209941977834E+000   -0.299721774642449765885216220496E+000    0.167477656289117933032923721118E+000
   0.211723151780736907350219891323E+000   -0.337579678627114792584925739463E+000    0.170154529522511853459347728368E+000
   0.402405019049340759661470664460E+000    0.100575944290228878848474630492E+000    0.178105520061039775362855301293E+000
   0.272064930856269080695951366109E-001    0.396926623936284848379658680620E+000    0.172301314712786313038021330943E+000
  -0.378883673108361866130597341778E+000    0.151767885085071427090589983663E+000    0.176698075209432819178386821492E+000
  -0.137660470168209334917568824700E+000   -0.589614140153435424868408966698E-001    0.404827282576594389479389594888E+000
   0.130190738702418542457763551866E-001   -0.151826991905149020874280551662E+000    0.408292136133173594548833088948E+000
   0.159600488353115869693789060870E+000   -0.386362551185300554806201888904E-001    0.441028408848495239757505812056E+000
   0.829376953775436591044624914086E-001    0.134540874563133523852572904066E+000    0.428925614407517173694216332131E+000
  -0.102471725776384777372771332372E+000    0.118536410355424545910081865973E+000    0.426971388119847227730434474797E+000
  -0.325026141689041824283691213935E+000   -0.960100652947056785658240540253E-001   -0.267962027864759120545599478487E+000
  -0.889511730244026721559575845296E-002   -0.335229819111642307206228131678E+000   -0.266757445115431710341827753390E+000
   0.319453779664904847172419196799E+000   -0.112423807501097639214540462581E+000   -0.269431249839470122593359733353E+000
   0.207154047514920476652287014468E+000    0.271621106828540413092537672559E+000   -0.270150481015652488235449885137E+000
  -0.198162638473476514593034415067E+000    0.287548648779815531414713933843E+000   -0.275118237105084951230492349315E+000
  -0.442914587610066478405307853071E+000   -0.147200080541393327012035054138E+000   -0.123710536485796497679888688496E+000
   0.285674520462383117109713422728E-002   -0.428516114821622240272044980478E+000   -0.114927494389408931464785718849E+000
   0.444042921089106032124153635700E+000   -0.140673186485820326435991461718E+000   -0.124853360633818061352690330052E+000
   0.252006769051562735329206253509E+000    0.352604604111896181976002362073E+000   -0.114751640002161076442369965235E+000
  -0.278298201516721847149299143096E+000    0.377150577677817581510888217389E+000   -0.123240968429875890769418845652E+000
  -0.366643604015767568623982098103E+000   -0.317856657245840084511151568500E+000   -0.574794391622344070887032436842E-001
   0.190875986327476989682526236509E+000   -0.451432931854291403464509619602E+000   -0.591949233336356108758131719741E-001
   0.497816123930374165971244790788E+000    0.430045118875677082571615875931E-001   -0.596375513221962777089572674729E-001
   0.104634759451819424255600516854E+000    0.451462924334916267675991555659E+000   -0.538254006331417137664068970503E-001
  -0.413019829886496783444888302923E+000    0.248728825937918654584339899828E+000   -0.557346076576700170925730342412E-001
  -0.143990305483177681943049091881E+000   -0.266006629936132827190125893789E+000    0.300968721580989382337723034912E+000
   0.203525756131506027921621672941E+000   -0.215369448594997335864336792232E+000    0.294139309534420368980992623511E+000
   0.275732654657946939470645298027E+000    0.130126194016048250008052907659E+000    0.304231782441884651487299423488E+000
  -0.408042177914750295245275777685E-001    0.314897257025081105873036030282E+000    0.318621511446008495051067167584E+000
  -0.294758750928337305257789186568E+000    0.542256048488550534485238186672E-001    0.300219030869858321957593449015E+000
  -0.240032246840289634712336291568E+000    0.344121704840515212365691845688E-001   -0.345837530628873122359821590105E+000
  -0.108783017178198306019081896676E+000   -0.220984740274210245090780783289E+000   -0.353548179036377091135668148121E+000
   0.172865019638718773466592541094E+000   -0.166918191557824366151403231597E+000   -0.345944588075633506253555710945E+000
   0.224920765176046476740678375197E+000    0.120523531064941087213549562941E+000   -0.365679099752759133580748642962E+000
  -0.431102881487660299982697469760E-001    0.242442790074158028574099417356E+000   -0.350850910234599935991138446326E+000
  -0.482401259435384899075254076119E+000    0.381645489686490670681857456650E-001   -0.675502657568146847292628557945E-001
  -0.180261939400288216327552342670E+000   -0.434333203193713856495761308443E+000   -0.671658136298546586219903536267E-001
   0.351353936738224280391319903200E+000   -0.300415397854521097755823889274E+000   -0.665240389137515156219260633363E-001
   0.406405733613595072701283264616E+000    0.248962482782525796153547554060E+000   -0.673602554850324507399964488245E-001
  -0.114019502883219611256404514282E+000    0.475081736662792252026435240278E+000   -0.677498040544370365438963401042E-001
  -0.352063185597383821467440501930E+000   -0.258638040228170836262157614304E+000    0.127433477432702181372456695685E+000
   0.136854490475284091706750592082E+000   -0.415107847340754220958855546956E+000    0.126344226490960621489139834123E+000
   0.452593475291197339600792138391E+000    0.152796997391556126482650859275E-002    0.131461944918935887510578685999E+000
   0.130139478540145275962667713846E+000    0.405704220128303172621841220324E+000    0.125264321941849015567094038498E+000
  -0.344137177038259268003203136819E+000    0.247437539079327529016697606281E+000    0.124939448267072568722490927105E+000
  -0.220165336707820146211697610403E+000   -0.118164403331242703996898524863E+000    0.357937655858814802838958546242E+000
   0.428434020720532581667692416076E-001   -0.241837427643864406498507553509E+000    0.349785944912217217235559877067E+000
   0.257315934653356235634551009683E+000   -0.371687734937088340257597749132E-001    0.371093538629864294675173704508E+000
   0.107504081532618638750177079218E+000    0.218367068714082159681870842756E+000    0.349937393048591139544906171220E+000
  -0.179605855777750390769885051474E+000    0.173056951244724826999670879332E+000    0.359380460418336832746395885105E+000
  -0.145212364244763004224662699685E+000    0.348855979177704149703306615257E-001   -0.400798751302313631759814148619E+000
  -0.795631953288034165140870549025E-001   -0.129132008091435712203959982772E+000   -0.410721029484697983629759075831E+000
   0.980917257144197447721572532486E-001   -0.113846863136976327508788455708E+000   -0.409016208866211548991266959948E+000
   0.139334837471834162215853915857E+000    0.594737830540047595553995246405E-001   -0.409913084828259167632065185139E+000
  -0.128624664890011568457600053503E-001    0.148427939534244842190992449388E+000   -0.399649135781588209586490403612E+000
  -0.439093289147769659193411221884E+000    0.142036883602505021944623531608E+000   -0.121629219067516089595179337822E+000
  -0.270324700466692753368315292002E+000   -0.372739918475762383309059636194E+000   -0.122852474620103886351917594272E+000
   0.268527824638804122025171255445E+000   -0.368623708124358328359722198861E+000   -0.122532236583986154984234089350E+000
   0.445154859480495961483704217743E+000    0.145602645285555602988111931502E+000   -0.124851413681711339578451905719E+000
  -0.900158984573958070015995897779E-003    0.454737999590430609595241828299E+000   -0.119779001989952974430542497538E+000
  -0.386337440937215342160858461362E+000   -0.159738247549127023049475718773E+000    0.180079495844596717529076031796E+000
   0.314017589474542786803108162470E-001   -0.407531428396952836708540845260E+000    0.174666530529156350317431610756E+000
   0.397327804063627581664424735777E+000   -0.967221516780915195319367530593E-001    0.175031988263146068499838226197E+000
   0.210334040271339719281322191557E+000    0.340844022536653968803255665846E+000    0.172979952901537055060769490717E+000
  -0.251053427132243747649567469106E+000    0.294856828181671766022761238591E+000    0.167911756936339316013131303109E+000
  -0.305423957054635066832191417719E+000   -0.606236020726824227244328737180E-001    0.311325308029299491813272176864E+000
  -0.367889109461968618933683746272E-001   -0.306277449542660300872103956674E+000    0.306467817756262257325660935734E+000
   0.274619175347404573873379128568E+000   -0.128349858219015323636318368451E+000    0.301180064127566692183969056280E+000
   0.199754180784040771395127427699E+000    0.213468091527544573777727456855E+000    0.292346142688930441974143541577E+000
  -0.152307227258650470639701670660E+000    0.273955191882069739160741183777E+000    0.314647100102043568026095196744E+000
  -0.318483575288890591152612077132E+000    0.920495874571405751839910914593E-001   -0.261471953058096575168216215212E+000
  -0.194730668035155162247152711189E+000   -0.286841796956719583692342504769E+000   -0.275120034683648427613309229366E+000
   0.209370020476494315595230314681E+000   -0.268660803202936955939967733950E+000   -0.271242850350759405226681850899E+000
   0.334129991764560531091867371301E+000    0.121897362102578189708809012326E+000   -0.282131474486610345877335708026E+000
  -0.121072717203581507354647751952E-001    0.344934374074137779211173614344E+000   -0.272158878833000990281882880379E+000
  -0.481115807665262880773077549961E+000   -0.418003834569773036211976524450E-001    0.577966331465261260316126329485E-001
  -0.106078574237584426778430293089E+000   -0.457448966632737435835720054948E+000    0.546861277670946922595286377863E-001
   0.395013084274341341783635129941E+000   -0.238199407639032278629945978683E+000    0.534922433287941477796904800907E-001
   0.348713160677431330528118896477E+000    0.302162642856019843307561917681E+000    0.548579240791563792121361677745E-001
  -0.184379910117246488054032242943E+000    0.435554771884767195374177213217E+000    0.573185908187151441989864890196E-001
  -0.248362151744665541657610522893E+000   -0.347596596041679503479373522036E+000    0.113215171392638211297221012953E+000
   0.263402439089290687012581693501E+000   -0.357360837387358067826834849182E+000    0.116865514142324332626518181850E+000
   0.431680344788294334168296192985E+000    0.143254679873185460744632595607E+000    0.120778323908890827371898326916E+000
  -0.298993029935241169663679214598E-002    0.430993230939543923524303547855E+000    0.115836591448623692602376614320E+000
  -0.427148126736727794107016455782E+000    0.135037572158701824464938166466E+000    0.120244223684105084488085977951E+000
  -0.955982888548796780047689177936E-001   -0.114651051653972907058332491118E+000    0.401879514696639208387699874623E+000
   0.825217456477745697239277903537E-001   -0.133490996728347993020322773922E+000    0.420227493862045404635205555215E+000
   0.158929106092754233017802122046E+000    0.376417628964009762722376620289E-001    0.440260864313711297263869531877E+000
   0.124793851218490791531629230453E-001    0.159535904782236034473550607458E+000    0.435568445713318680288030586152E+000
  -0.140362792623897707379776113267E+000    0.565336461928233148296890301193E-001    0.411563573046943870922899598181E+000
  -0.275117397014828540286758965700E+000   -0.130034030694852273984332503964E+000   -0.303250643725438838391699050511E+000
   0.389583155162296088994041016407E-001   -0.301764841375738721923236718433E+000   -0.304911192848602611961267353351E+000
   0.291366417940094835277521532417E+000   -0.538736429246667526848159923610E-001   -0.296704700989424484786329944588E+000
   0.145203297115081231086068017224E+000    0.268206503015018834794159890984E+000   -0.303567751375444232185625768254E+000
  -0.209497027813589950962983849865E+000    0.221308990868971592632964353202E+000   -0.302422317133456358479202346053E+000
  -0.405955924795085646674362526142E+000   -0.101688303960782930194553965731E+000   -0.179449236725467536227960460195E+000
  -0.272098925254114850354098704176E-001   -0.395559497470867929768174284589E+000   -0.171422589364257777520919896744E+000
   0.396695778420013662082246494620E+000   -0.159208330441532662886999499363E+000   -0.184879340928177560922582458762E+000
   0.259432045274851083996588983311E+000    0.311051749228494847778968860939E+000   -0.173772799480449812041693214024E+000
  -0.231084010795287014127998507698E+000    0.367994310790556389440626592686E+000   -0.185433644913072741294309436835E+000
  -0.422493324741832444353363201631E+000   -0.259429566983853826777288605130E+000   -0.585085725655065669862548823385E-001
   0.111643862487463524847783712182E+000   -0.463425030814795040978320599331E+000   -0.575146497165290756423175429239E-001
   0.497624116972411899234587060323E+000   -0.386288141004019037458951235289E-001   -0.597609497814232422000947477218E-001
   0.174796323494045665102595065147E+000    0.423601239987054188708436624412E+000   -0.533815501486525192876295731197E-001
  -0.363431063098814073359531448720E+000    0.309612607602417895837827982338E+000   -0.551121649511035460888067574696E-001
  -0.201130728055612701132089067940E+000   -0.263824057705712034988237605626E+000    0.262321802382824940389318768269E+000
   0.183832391646686121686163998203E+000   -0.267158239184629101857024697539E+000    0.255546222555970673890936839278E+000
   0.327881751057070515242050158334E+000    0.966338967357289440662933750510E-001    0.270588242032387971939402430948E+000
   0.898829844124474454318209810871E-002    0.342856284616028542060840991167E+000    0.273207790167418762115693007819E+000
  -0.314863414641661330532339953067E+000    0.110517614634671272358210887885E+000    0.265638651260583171498888380372E+000
  -0.243285430068414287392872512791E+000   -0.356577534486708952887142349159E-001   -0.351130486697500881827963815702E+000
  -0.417249326943579703340757432057E-001   -0.245602894418120214273292445553E+000   -0.358055415131847136341052634858E+000
   0.208134713054406480338147338684E+000   -0.107908673650947429317645269418E+000   -0.337355281864610358041815383453E+000
   0.180440991202826671733910009214E+000    0.178703974628505247212431366342E+000   -0.363352830858617313292316842412E+000
  -0.109696466695623191790614670093E+000    0.219414054475941573705558044842E+000   -0.349336152217901557742136068704E+000
  -0.451749017799723600264459888305E+000   -0.177701376059675392136912348625E-002   -0.131007365294246244819119385813E+000
  -0.135253579024635661465927603495E+000   -0.421540430809001460003790507971E+000   -0.129894792952986973919931409322E+000
   0.360040137207191284988660125248E+000   -0.259214657958732563936424444496E+000   -0.130575291334192062230275524202E+000
   0.359918798694059906098269961100E+000    0.264238796268273057564562069558E+000   -0.130140643774336373141374392763E+000
  -0.145954895120440616815957912492E+000    0.442091349719901566194118028543E+000   -0.134454435167758790192975060303E+000
  -0.411325940851169578788859758037E+000   -0.252159994497141103543301795400E+000    0.683339201151878151618441786228E-001
   0.110076295070159835477167482860E+000   -0.459369539674589992049077796223E+000    0.656469970932811895139416432676E-001
   0.486360853617419320519816231800E+000   -0.387405277091446665425795482162E-001    0.682978111450785516779687042564E-001
   0.173156392811793306397215896363E+000    0.417235858652050589722789160146E+000    0.647329652201605440597852272804E-001
  -0.341616645145986401229295989944E+000    0.291744164831064185743429241614E+000    0.648327768002586264053541236267E-001
  -0.239159133366047337662752513053E+000   -0.176510513415350644468890899820E+000    0.320463260320009150566639972112E+000
   0.902894865228429492685773502523E-001   -0.273495190481491979068550348322E+000    0.309011399169419892215150947244E+000
   0.302795578020273970943443059961E+000    0.430209288147956789099248618009E-003    0.325827056425271045181920168604E+000
   0.892576135410036614596919750914E-001    0.276705563368655922919497858986E+000    0.314965594832077615359276825006E+000
  -0.234961870120224576668429709436E+000    0.168598379174833171073576304973E+000    0.313651926135422374769938577756E+000
  -0.987777955496105264160100913115E-001    0.433965280059291901228367440544E-003   -0.426621737569561353138117750198E+000
  -0.312480093517206774522223661900E-001   -0.945683633195806670492530208717E-001   -0.436159791054141447457606807788E+000
   0.798228817167752516937579352615E-001   -0.570913956000605291338562573310E-001   -0.431801520079902604385242344951E+000
   0.790577274980583373611346983570E-001    0.593298927248108808350566000103E-001   -0.430114327281525149946474717938E+000
  -0.310434967912540822960439587620E-001    0.929680422499822500745513333785E-001   -0.421708936279918367731280306414E+000
  -0.394283111445504683134845404137E+000    0.163245890325404944348539000022E+000   -0.170866808527750339647407519555E+000
  -0.280761208805514280855071705404E+000   -0.328397708124708490951847345493E+000   -0.174467677933775234073538170533E+000
   0.221304794608726232003969916299E+000   -0.360991228878253732910846680962E+000   -0.171947213190801955181398866059E+000
   0.424304808178666971556634017659E+000    0.102430502143083745150160215679E+000   -0.176380293784688853975523529996E+000
   0.325952525749573872781595031947E-001    0.420778064087323429953966363750E+000   -0.169055105217394998156546806940E+000
  -0.410295836981041020086214270850E+000   -0.992697639731130404560352229280E-001    0.170683311551605514904879115306E+000
  -0.327178275354297885964514638048E-001   -0.421133214057645164287232276657E+000    0.169272562653954022306806399128E+000
   0.379207684858586608258017370356E+000   -0.157298489282314880695508786255E+000    0.164555321355558469851778707821E+000
   0.263335805549934384546641694560E+000    0.307900920875788647194053189266E+000    0.163879187832914836619643500993E+000
  -0.206961192603063376053485777184E+000    0.337168863222538881835632816017E+000    0.160886988924347175403643143094E+000
  -0.347658183354601535471700195370E+000   -0.602269065649792576696928928979E-001    0.263805631212167557288930378144E+000
  -0.507658527678075038719996266124E-001   -0.351027726791368308256111720271E+000    0.263424403671828756077129517632E+000
   0.303364056282687479763329984292E+000   -0.150475507179135139246025279149E+000    0.251469972003884308700260448656E+000
   0.233856289027906673209506214777E+000    0.238640638354583007949185832604E+000    0.249759685058808969599045509229E+000
  -0.160975027377491142803232567293E+000    0.306473942918726683190554567519E+000    0.259856607149082203047023883449E+000
  -0.307195162417141053133043747913E+000    0.152064527369956408632297365505E+000   -0.254372825148701880401874847670E+000
  -0.246383922908467588923834001179E+000   -0.251563752875723215084922945827E+000   -0.262832700018907317883276832115E+000
   0.160746300029855307141140971592E+000   -0.306509075856224950367330985392E+000   -0.259496176082609805025310396642E+000
   0.351911148989597025952569616543E+000    0.607295186333181105678212488251E-001   -0.266942999130723822611656472970E+000
   0.497940407758582635310947336205E-001    0.344843409543667656634198491285E+000   -0.258796642549549114410467994941E+000
  -0.452861525870077642256120347427E+000   -0.234064234357556215902603076807E-002    0.110508461615139593627110608476E+000
  -0.137556648826999154854203976355E+000   -0.430367699374759903815006172328E+000    0.108703849677097029891224450601E+000
   0.357450658264602015766214002698E+000   -0.257648406473233059608825484307E+000    0.105680234312982891543576112942E+000
   0.358390085893496829070312760445E+000    0.262315379530178221498457341225E+000    0.107833440142030114507709725392E+000
  -0.138922041308105144278788119388E+000    0.421271689655894142996673453690E+000    0.108850485488622691977751059533E+000
  -0.206771820403190373163032777662E+000   -0.344503903192237359850622842570E+000    0.161459176774175657199218911706E+000
   0.265926685518326633093583696832E+000   -0.306539833023444915659407150692E+000    0.162416071710106879729805109951E+000
   0.383891298772583239272676920049E+000    0.162117078330917642192688764236E+000    0.167935190360985113603142272909E+000
  -0.348492786113502190640815871534E-001    0.402366959459873301239641770134E+000    0.164115883563642348960379826339E+000
  -0.404337015059767138027248348051E+000    0.931059635203241749827142949434E-001    0.168303562532005259406810526301E+000
  -0.792221251380402085851890173531E-001   -0.596198544346565075705818443154E-001    0.430561255493377261901779931597E+000
   0.324512307778645572641543942337E-001   -0.977943104613657059355094449414E-001    0.442608026686921485834716566902E+000
   0.107570544316414166751860796482E+000   -0.737063455202145999697934230595E-003    0.465299198192692869380165134718E+000
   0.328952766870508597209615854980E-001    0.996506087701163556972147013791E-001    0.460978561094604026134882778594E+000
  -0.825968164368745283276275375765E-001    0.587352920801164429550241279542E-001    0.446355932745505805455337561277E+000
  -0.310732047882343049207125114066E+000   -0.156231634970913844173273765820E+000   -0.259135673285257498777220355672E+000
   0.515426158560195185251059638927E-001   -0.335462702699514631968312449751E+000   -0.254329254108945813283630671105E+000
   0.344061662019865297506964942726E+000   -0.553568646605803733056212832438E-001   -0.260876743015608439870190055462E+000
   0.156627562557950345312460684056E+000    0.305988320637862804838604210775E+000   -0.255694394001261961891230978479E+000
  -0.249263790727751327428786349528E+000    0.251098663164116712337987942814E+000   -0.262417489071311890789124480368E+000
  -0.394268434731728440793210773555E+000   -0.166706213551820561180602162437E+000   -0.172245331345874178100998408526E+000
   0.343213012007580878583052042372E-001   -0.397837507347676851930847486515E+000   -0.161990851543228402250244350034E+000
   0.425410202590480626725840777803E+000   -0.982446983297787755268411513047E-001   -0.176943301244069457508795097206E+000
   0.209357941007415780328972134275E+000    0.348750668815957298166622513411E+000   -0.163391271937776937817473334603E+000
  -0.287168027628787478615812019946E+000    0.330625272878751788668059425123E+000   -0.175133323071844558834137941674E+000
  -0.378512231272982735456214382968E+000   -0.277216686858816080891624738865E+000   -0.113671256278681219338251866367E+000
   0.142996279431194085737910370241E+000   -0.434235702278848453572775801579E+000   -0.111955076193303647342289033335E+000
   0.477023209994139354239135628138E+000    0.220681298599029528580328610699E-002   -0.116252226721342656700871939224E+000
   0.135278450005279016173919497860E+000    0.423345209094261818619591407141E+000   -0.106818529991694057858607331455E+000
  -0.378652303605241479590674875792E+000    0.272585383770472777265406192802E+000   -0.111732188827676569309520898342E+000
  -0.156621406318026189657859534293E+000   -0.306004918027431271787652138003E+000    0.255673464318909970752704353370E+000
   0.234631710786463631522421703578E+000   -0.236716162642712763157555704625E+000    0.247301515197269594889153684410E+000
   0.306936640602515480359843372477E+000    0.154129592719189360878004998165E+000    0.256240687720066406895701262890E+000
  -0.535149475754445008842413579331E-001    0.347283045629112804514290998420E+000    0.263665097829028538383650033572E+000
  -0.339046607025628280365475715751E+000    0.542810121041910627285571362741E-001    0.257162849267418036562865049089E+000
  -0.231991408322908502395881193971E+000    0.990067952990707463274396391143E-001   -0.331139284446247916182757165376E+000
  -0.169780449601604103279759452321E+000   -0.193840699663204138205909807295E+000   -0.340251597017531672313055925558E+000
   0.133384987461675299299448072233E+000   -0.222475779817162325141598976915E+000   -0.343978325019892966143668889398E+000
   0.255786630964785218857201492677E+000    0.597365998003530933164571282040E-001   -0.347210281864251084953154016062E+000
   0.220955683208762204362676434551E-001    0.258199314153569224426141476698E+000   -0.340434930647499606782530562510E+000
  -0.486365540372173221576627583235E+000    0.747405167069960537682638610203E-001    0.967365857733014414738246315552E-003
  -0.214014030037399112505049921913E+000   -0.424569328742850557284363660958E+000   -0.580457878560118851755591045463E-003
   0.336218262716303292062853459659E+000   -0.333503192064775048109195231831E+000   -0.116968770069082098173376858823E-002
   0.434858784881332462606577911445E+000    0.223850830933545941816554146031E+000   -0.268957941012798630239893869562E-004
  -0.782969420815309488159417693140E-001    0.480394889378573517799562424183E+000    0.131058069027948308408032772869E-002
  -0.294611834243457081025602689075E+000   -0.260541169998382269703121497743E+000    0.174581847091861445347367433732E+000
   0.156632673647812272678456360965E+000   -0.361836189676494791777808244259E+000    0.173973436298286428017214353325E+000
   0.410642000248648491455071269286E+000    0.383309445309966397945105318172E-001    0.182770782920508545112672213213E+000
   0.866758823667025706139871720803E-001    0.386699614485847291837214284034E+000    0.177158443020046790480329810129E+000
  -0.343561904311021667313583689399E+000    0.202672272048887654187339798118E+000    0.178496881405411960334653483809E+000
  -0.192615361066498683922001933058E+000   -0.591084394842315181269879282622E-001    0.380419537041017756588268297296E+000
  -0.388530482019047347504082570788E-002   -0.200857378256720663527329926087E+000    0.376513825029685755844996658425E+000
   0.203411469117239645314024498226E+000   -0.719258117328034841970913511298E-001    0.404772230385089802464475608219E+000
   0.124208651080605482193576989346E+000    0.161642369290742240943613194118E+000    0.385543626535348029420185783293E+000
  -0.120477059246579627154765307077E+000    0.173399054759395423301519310723E+000    0.400917787237406710460486276016E+000
  -0.186612341762088266944540269242E+000    0.657047854212308425891546988046E-001   -0.370955838482135896439488893415E+000
  -0.122407376769428929405335578675E+000   -0.159400821263490949184027691550E+000   -0.379424575772857013726629916348E+000
   0.114624065102642212457147232859E+000   -0.165382579132338498212354305961E+000   -0.381640772254834408573592489294E+000
   0.194243930251123915864379766434E+000    0.593898424942313166967831077850E-001   -0.383686364680342632433675117450E+000
   0.375889516491437492488346870279E-002    0.199986390034969681761811003018E+000   -0.375177856203797286021087111684E+000
  -0.471361097935690462601882989453E+000    0.114902064374183590136464777785E+000   -0.674976822822661998701526646872E-001
  -0.249525786797456587498912568488E+000   -0.403729279222733047940530887355E+000   -0.675406808364303914436067329468E-001
   0.306031893187851793353020837557E+000   -0.361019862330721941662799360651E+000   -0.680853736871991142209402236699E-001
   0.451322769777468888681082768572E+000    0.185194584173182543669818815640E+000   -0.690956443655605011968755510886E-001
  -0.360005682396164876196565055100E-001    0.476814042288840977688367136032E+000   -0.663237900467476806743021092511E-001
  -0.348928151259828816611564140493E+000   -0.211027307330172563949934622277E+000    0.181256032661177592041525239413E+000
   0.901406186002114902230029917159E-001   -0.387507658092835506772802812434E+000    0.175597127883614734881235639082E+000
   0.408159957282977233693528626627E+000   -0.356298387567337608940081851600E-001    0.181354407955960989325197013577E+000
   0.155299440275626949088401625116E+000    0.366360316203214589486671537878E+000    0.177704894458728308386235213662E+000
  -0.293870938376870270554729296541E+000    0.254339663636962667581744872042E+000    0.174015390592878714610171716986E+000
  -0.256383285220343454528242921867E+000   -0.601019362666343194984122979296E-001    0.348040858398813659390903199419E+000
  -0.222281526629360148279257577920E-001   -0.258661385796441711523296497402E+000    0.340887349506573230628391991306E+000
   0.245405624029040107726815758252E+000   -0.105041826006891305984132971690E+000    0.350636168908749079119967633287E+000
   0.166209644342839811069725771331E+000    0.189643409330659833340567167954E+000    0.333497247397413210363908735026E+000
  -0.139710588060670248907340379092E+000    0.232572342899656672391021284743E+000    0.360168899259703180793346001822E+000
  -0.330890425652011354856728427031E+000   -0.362310304956892598435842817241E-001   -0.270979631481112798200433356518E+000
  -0.687768482696559442786434304902E-001   -0.330629209054750575670731273541E+000   -0.276645186683023267454584873011E+000
   0.291336961241145615151759902262E+000   -0.165639798770502408796413535653E+000   -0.274881245956534731328441081406E+000
   0.255797482951821566244780480539E+000    0.234061027205194558594869882399E+000   -0.282834911781025935286327611719E+000
  -0.143051328670627870730604452495E+000    0.315685787372946212546992124473E+000   -0.281414683666567431081400365311E+000
  -0.478936721114290268431844339614E+000   -0.121083011312157691626030700962E+000   -0.692826196335568265493223283541E-001
  -0.302250901323216951491316028928E-001   -0.452329805529504913237078167945E+000   -0.649744917823126008256590275299E-001
   0.443862637182469752053685166826E+000   -0.177596615190987177450151934970E+000   -0.685449731578973498483505626450E-001
   0.290467572035183410591378384462E+000    0.348786724708726396206128403810E+000   -0.636803930138993443029907097883E-001
  -0.259633544537506676362628755814E+000    0.412131689534356014433830404527E+000   -0.673994159155768780351049186411E-001
  -0.338178612922820749237693965733E+000   -0.341186368012707599913047774579E+000   -0.207668182414551795151749763650E-003
   0.228314369208998676520941518745E+000   -0.443576389649670042371986114161E+000   -0.126692132146830753272491952828E-002
   0.498568175462219982449779330432E+000    0.810625168018679896355577758803E-001   -0.448935436220139808211963838282E-003
   0.710925960415036637089874725656E-001    0.462027066237414978383515436571E+000    0.105116720670980014144868879177E-002
  -0.433619240430895300657959666939E+000    0.218425380415725220691722027540E+000    0.122229010857165480924775215940E-002
  -0.129637325458505378353689625126E+000   -0.221914178615705910092184410297E+000    0.338093736083075902345475494958E+000
   0.171344714064033530532037534048E+000   -0.193940555064411836686199433838E+000    0.339535928505580539779845893239E+000
   0.243623970418779107331243532029E+000    0.104910066244433472929933303365E+000    0.349871495050251686024139297962E+000
  -0.260304241174039971269621486340E-001    0.273180531120545036487379037016E+000    0.364127916019878728983977376629E+000
  -0.247940760621032953467019933300E+000    0.540632029431357188625993533167E-001    0.336181602939412469280734129459E+000
  -0.500246934267380366940972218972E-001    0.363982946431968954310137291485E-001   -0.436195513341556304565089575911E+000
  -0.504359776995838789109068386249E-001   -0.355693674108368234609950484220E-001   -0.442692760561610730049551044173E+000
   0.187619598762404150182661278632E-001   -0.581412900037455541829012866195E-001   -0.446442031659889025804630979276E+000
   0.608887785215134462004314802656E-001    0.116070519224600375973345400567E-002   -0.442182996827481094664788690152E+000
   0.179137825898603592278507554489E-001    0.590075378465499038452587139543E-001   -0.437963991929733218542183654329E+000
  -0.346675642289150752511881655829E+000    0.177924615034643563782678095458E+000   -0.212551929677104185460688084040E+000
  -0.285914609052678485251988096885E+000    0.279599208859178761784938738650E+000   -0.218000695581834150741545976388E+000
  -0.377776940667444203033689633458E+000    0.225267841907511292031200619296E+000   -0.159377190282759014649327843403E+000
  -0.335850350788853793960448942346E+000    0.288916274610068852779607507851E+000   -0.160449855363256940169297128888E+000
  -0.280766445745690998683837420748E+000   -0.278602342862292468476023925545E+000   -0.217191841178357921772355562478E+000
  -0.375176965815088801757497146046E+000   -0.227652121922686248452518986801E+000   -0.160153118100256136999124132264E+000
  -0.330396806082694484739021892118E+000   -0.288745650664561575956906467260E+000   -0.160362740558036676679510772119E+000
   0.173902241150379993386957107311E+000   -0.343808282086871783129754523815E+000   -0.212647296386311191155365764975E+000
   0.955323585321401568080071843564E-001   -0.405223291793262151557258186119E+000   -0.153171832187439720602591909004E+000
   0.168811071786794301814296668556E+000   -0.394290457109161371611579972973E+000   -0.157863831965886363928403916964E+000
   0.395066077029925230375128942747E+000    0.619868722115331116415753181797E-001   -0.219953982056164403892530937010E+000
   0.444887855836376934326188998992E+000   -0.363837763624107598942013680075E-001   -0.163813071010191403224177139858E+000
   0.443617811586855529068996263811E+000    0.406515298717192775075384085695E-001   -0.163289807490385237147557233274E+000
   0.160720782011707647090233275459E+000    0.385022578415837794377092994804E+000   -0.151627541804400141580017994155E+000
   0.936146109722948501971778438856E-001    0.413525643987173618767880512813E+000   -0.153914004153120012488378840231E+000
  -0.383064073489989209047314654736E+000   -0.603346963785968204656917513296E-001    0.213382528569208612527738414452E+000
  -0.377781106544508063863692736238E+000    0.549351320664285469376611034252E-001    0.210429560994428261107895764566E+000
  -0.357222350820527116204838074463E+000   -0.224102562438670514590549268663E-002    0.246272347658815573527565230554E+000
  -0.623189642224905120379202466824E-001   -0.389333251283705826081591918301E+000    0.215325685571578594134744537976E+000
  -0.110146054488561664838591112802E+000   -0.345703046028583599791383552197E+000    0.248368353057420145105506084228E+000
   0.333828736332273159929689067459E+000   -0.171636842492929191246131905409E+000    0.204917273834719264560749787607E+000
   0.280457613071215980883917749533E+000   -0.202381991465011990246167791715E+000    0.236433929713817503218167177887E+000
   0.265203982481907794920753630735E+000    0.263024835541393786374589852094E+000    0.205410826215697240995386338311E+000
   0.281168730758030873667299603917E+000    0.205254561095173199568993165389E+000    0.239472730379267485665705386796E+000
  -0.111927830909353427445920749483E+000    0.339690207122526827990673603987E+000    0.247312801402185182202291612750E+000
  -0.217027925531240656251241744120E+000    0.156487665080036832973199329310E+000   -0.321177725201183694985955762630E+000
  -0.220148403870070805710816270456E+000   -0.160383281274176916077574452023E+000   -0.328589460589694966794599205843E+000
   0.861382042495442788428362664122E-001   -0.262255529112868653949299395206E+000   -0.334707391468470274158553051828E+000
   0.268416682927335498251279639540E+000    0.178703434824529752436791847342E-002   -0.324860731647971981742486703229E+000
   0.826667231505507064817131807673E-001    0.260524496809103843322043266880E+000   -0.328744425261495267827427891295E+000
  -0.368090921734668272732057828600E+000   -0.614442012872455211668920788009E-001   -0.226936101395573994924363712704E+000
  -0.602943463985745438180255390387E-001    0.380778511513555548456707573023E+000   -0.233793664304061328001174765734E+000
  -0.466171902325336823302988785341E+000    0.112216742014164943216403548096E+000    0.576938255368951485362142658907E-001
  -0.245723418216372524330901611284E+000    0.392109264421447601370417276582E+000    0.560573146042814323110686799586E-001
  -0.548046115606700017078701608954E-001   -0.365780817722441563880302634733E+000   -0.226465208062445757248387364578E+000
  -0.477120990698054229658310323270E+000   -0.119757334952253339343660650889E+000    0.586291465693562253891812426456E-001
  -0.240806335585711732993267229315E+000   -0.392262791882365459891429345279E+000    0.538985373124717431607151692968E-001
   0.343144055851024606507821207246E+000   -0.170517613590466553624067202321E+000   -0.234838397858005114792662235267E+000
  -0.320985359672955497583507355134E-001   -0.466606364789871040815924449091E+000    0.542960133082450233381972150507E-001
   0.306020688056388550106553583261E+000   -0.359342145022857454740837062838E+000    0.545633292565958047763931182447E-001
   0.264177073732591602686168939452E+000    0.270074081787876588024658342823E+000   -0.230086016734868960427980327968E+000
   0.437697132291600764239618729801E+000   -0.176553538652329557181598417652E+000    0.548014419642423992162928593306E-001
   0.446853380664258345402055973837E+000    0.184240060531700420805252080850E+000    0.569880811405443764049656829321E-001
   0.292830204629581800048270432112E+000    0.349446854279245603585069638241E+000    0.543646029419320441544715249747E-001
  -0.359726541935928389955144227040E-001    0.463742153839957811378469755066E+000    0.562040638088802601306849934814E-001
  -0.252004562073620162458384174367E+000   -0.257762080512644930706696841522E+000    0.219558947154262343790436989517E+000
  -0.254486741050386731900123995581E+000    0.254568905283848036232279932647E+000    0.220975498710392665599001871393E+000
  -0.172440719574672137063290714768E+000   -0.178044000582451331988428831041E-002    0.392698762569353456725828255346E+000
   0.164649736232563329026000812364E+000   -0.315790244604449670469097142388E+000    0.215922360882322850972685322101E+000
  -0.517942725094747218957445619699E-001   -0.164395566361521330625881731203E+000    0.388936642685234028894256933828E+000
   0.370712236693669694173268314334E+000    0.616474852919390134658881454281E-001    0.228800006567966892538449425238E+000
   0.149760683818462485495149600477E+000   -0.108513796392608600380378096616E+000    0.416723392921595105993237254780E+000
   0.544811336306044796605856222403E-001    0.364133291689357812885236198212E+000    0.225777131028516835219065440381E+000
   0.147640356467502154868485578180E+000    0.106766466243337801398541932628E+000    0.413902581392178275553531022663E+000
  -0.580012417297365252329969604040E-001    0.176506179132438510108540909614E+000    0.424844363529608031284577529121E+000
  -0.327201254092855238578667202114E+000    0.339526093263217412559688641767E-001   -0.267548303496136057337181370038E+000
  -0.139156305951451788751380008131E+000   -0.313239974557861626261327294161E+000   -0.280529909937261620620530421235E+000
   0.250729283218047275056419749185E+000   -0.224447344851846363610648691484E+000   -0.276113884316019123347705884747E+000
   0.305390403852056192478546162864E+000    0.178224369055727571785860248538E+000   -0.288766306961506111068281979708E+000
  -0.729370113126751527438043428252E-001    0.337050465973377432074531929616E+000   -0.280103244898119317573716736389E+000
  -0.493746793706353666712108058641E+000   -0.805113606379355032896340686245E-001    0.619845410228424971262805117977E-003
  -0.716330741310751156721096073211E-001   -0.465045793124309058702705559579E+000   -0.880705151074779019225278446698E-003
   0.423603107477219930962307567500E+000   -0.213686731601234577369729489194E+000   -0.102016188965576116100449792780E-002
   0.327823425570185351031817352258E+000    0.330604241763180768000586578855E+000    0.374936277711422615003739567381E-003
  -0.224122395526428049141265050715E+000    0.434961343340997978627518695474E+000    0.141759466961161957605434250524E-002
  -0.290888266847210126357658380611E+000   -0.349406867892261998586376623249E+000    0.639238017502167792339405202290E-001
   0.254478674133396250385759845075E+000   -0.404379326528742682268011057592E+000    0.662652190414754083214299682912E-001
   0.471716369079083390924715947179E+000    0.119035674181773097583917822538E+000    0.684295052245085169590274554180E-001
   0.301518207794103165917061326611E-001    0.452697034788856168295001860491E+000    0.652398902514063848995641102338E-001
  -0.438757798949714107779020747890E+000    0.175257431967194928587651047501E+000    0.679142354651310331095162065381E-001
  -0.111182993548037772548436897243E+000   -0.164996932053634278857271445772E+000    0.373934189004399503964587379696E+000
   0.126640721550331876630692541525E+000   -0.163926485403001608869703436582E+000    0.387944621567333502823481284244E+000
   0.201200983004671200497029501766E+000    0.709957592152796115951198122728E-001    0.401930029728011153945374090033E+000
  -0.603619116960523983235917932637E-002    0.213922324403160106885083547758E+000    0.406083546871516702319560208138E+000
  -0.190758908729479818153565292974E+000    0.547502711324623267406447231180E-001    0.376047794273318866015657672046E+000
  -0.190087613942898901169392072764E+000   -0.672804863511092487935217504853E-001   -0.379335470137951891893171850528E+000
   0.568233220942784252863867886565E-002   -0.205609836793343492942389088857E+000   -0.389661638697964556582243061936E+000
   0.185582838052901486743351253962E+000   -0.535463281582756032273647842322E-001   -0.365893136037285031009984697113E+000
   0.114127521565082063647855282451E+000    0.169283053519167075159355692408E+000   -0.384049450251191434013802290956E+000
  -0.121060162829071396190176172487E+000    0.156310992265514433312199574893E+000   -0.370333947680258511365081823478E+000
  -0.408517799880723672043580780123E+000    0.353984434512888415641638207913E-001   -0.181286186009417151433979569441E+000
  -0.163856863030181609445161242163E+000   -0.386529450570134465546635776149E+000   -0.187181189797866774755747874691E+000
   0.313595064965225661481295833866E+000   -0.271774138512188331836173159125E+000   -0.185582998139706325290934142439E+000
   0.361949187062394811445083978332E+000    0.218715585251080830717450707188E+000   -0.187901123295763074328332457594E+000
  -0.966389050458640937919175880183E-001    0.414671650725799546777218185927E+000   -0.187842381107699829658731148375E+000
  -0.454223534546567103911071339012E+000   -0.186591030271940934459613895971E+000    0.696989085010499788401335454906E-001
   0.349536685491448496323140132252E-001   -0.464695873428566689740443083197E+000    0.647774458743521710626546850111E-001
   0.465945952995844876452686179168E+000   -0.113860942578520882291942353023E+000    0.669138047532745762450052951798E-001
   0.237811253046944445311626260399E+000    0.384709786160828189658004003574E+000    0.645722669028572260331483459909E-001
  -0.290225195224935688127871940079E+000    0.341995333796594844833853839074E+000    0.647155371635249235781472847369E-001
  -0.295149858573768207318374217753E+000   -0.172430548352420504071808381234E+000    0.279149912412289169856296035188E+000
   0.694742452157215679257116229886E-001   -0.321812855665869958127826206562E+000    0.267407265322505162531203473122E+000
   0.335175961874974143203009205301E+000   -0.350478289205810110052506699427E-001    0.274342403796848695408594135907E+000
   0.132859940832200634936610898887E+000    0.299072224268663633179769567737E+000    0.268235086747080976345780214258E+000
  -0.245808401675559632578658299050E+000    0.219690693683984704427567977568E+000    0.270744299594931326039417936679E+000
  -0.237978992308605770243820841086E+000   -0.102680001085975885239127326211E+000   -0.341427870019166649450284871298E+000
   0.248187234291914835739391653884E-001   -0.261888802955026488638044867028E+000   -0.348574916294760079802174043461E+000
   0.241650093902668781927115569587E+000   -0.529656143000990703762144429395E-001   -0.327631561326778194993449520132E+000
   0.132178557555881720345118487755E+000    0.226207352090055699005059791963E+000   -0.344845208401016286655634374463E+000
  -0.169790040671136083214962954164E+000    0.191800441940686534370833931319E+000   -0.336053805673940928405023527040E+000
  -0.409887361988398171307350715462E+000   -0.385020988061357387573381844519E-001   -0.182207903524782359883281086978E+000
  -0.887541703260433565559708958567E-001   -0.395710043861575465047199965177E+000   -0.180991155253058806730482245847E+000
   0.361175411678324669959236117799E+000   -0.213391164943018127845815497423E+000   -0.187528253166582246713776532778E+000
   0.308365639376646248956896046353E+000    0.272549656900391487411427114706E+000   -0.182621255744432768060690561522E+000
  -0.171318116103577322649747589642E+000    0.395219563159212077499942837354E+000   -0.189967056219334782919815478155E+000
  -0.450039954338122285168947201581E+000   -0.231862492598609955740869024432E+000    0.207106314470316415630469378446E-003
   0.770297488045149567809622577347E-001   -0.473568701196515189200238540320E+000   -0.111634573416800406195689162725E-002
   0.495646948642451085761594020376E+000   -0.764395759722758927893111709464E-001   -0.808127681790932941193616849813E-003
   0.207849348214622507796623974797E+000    0.412314779194289520455411391029E+000    0.737778985304799720556581276298E-003
  -0.334785071422680794659793993688E+000    0.331716177841788333045327308941E+000    0.134012463174266857708217114950E-002
  -0.245041982140275167640663945819E+000   -0.224364012514495617803549971491E+000    0.270991013819927387704780036001E+000
   0.132748319816561745460396365825E+000   -0.293436572710629341704675570162E+000    0.261533698186055797443129459306E+000
   0.338175387875200020543773452753E+000    0.367860176384474941927951923757E-001    0.277218694645308915248071014955E+000
   0.680618795774673846779494549796E-001    0.327489292386569969378468174155E+000    0.274403792524704598088134568732E+000
  -0.286193850213823271430114611837E+000    0.162400833045194089567622160186E+000    0.270096107555304630572200715947E+000
  -0.138246975378827862548451010707E+000    0.998486053365368399679175842780E-001   -0.384209461074706334565267594851E+000
  -0.140936595328504630960080472640E+000   -0.102084373732918194196280480683E+000   -0.394622846496865695193300954100E+000
   0.551060453002342221835997321669E-001   -0.168282586953050610404759621455E+000   -0.404285168027732487483504384863E+000
   0.170948532536573810023025737060E+000    0.151467224691881216962257499657E-002   -0.389385058189799585689420126567E+000
   0.521865967798286960844576196003E-001    0.165752593744038756530846992506E+000   -0.392570514504642895243032020219E+000
  -0.364539855566890361637693334392E+000    0.584010935823524787710243866053E-001   -0.224151861855848366398375854540E+000
  -0.181139616037871111666456601183E+000    0.346921176715232675492340601155E+000   -0.237204491187694754179379714653E+000
  -0.452093326287993804132288732614E+000    0.182056863224245511821706013456E+000   -0.564102182155780346060764985526E-001
  -0.311652773185479682681785986013E+000    0.365564946380259933669046121310E+000   -0.553690921388579930696217319228E-001
  -0.176377027682073857689846792010E+000   -0.344195319107428312106591879647E+000   -0.236453209794180825490289450650E+000
  -0.463041259566143230957924291296E+000   -0.191123394014985128832384810634E+000   -0.588582776292590674081802303267E-001
  -0.307091344404833705415434420682E+000   -0.366583852091318280210017292458E+000   -0.568099410749323989842927792659E-001
   0.268046673624997415944598908062E+000   -0.268510284358360324196967428244E+000   -0.232671072282399505652778204548E+000
   0.355505331129264250540514961061E-001   -0.460023108247777416768138889572E+000   -0.555473791599325800035384160657E-001
   0.259106546802988289270658775436E+000   -0.413912586228474358191516361516E+000   -0.589562291785337648016274913244E-001
   0.349632873804465409792662382542E+000    0.178387375720129056687139601225E+000   -0.239508583904343306299737363338E+000
   0.478480864038314094289821805115E+000   -0.115463623215262056228589301081E+000   -0.590529924700451891582244720789E-001
   0.481764969252045888365091042939E+000    0.120698075408607130063697159337E+000   -0.590368527785655678271541467322E-001
   0.238093887982727914158560161829E+000    0.387778848427454897464220904529E+000   -0.531416618641946901709137534855E-001
   0.322066348161426669128366789059E-001    0.469596264265318406695688618118E+000   -0.544965791756434498036171541557E-001
  -0.337323284837020627832542950833E+000   -0.172297481574213847816998136677E+000    0.231172135830293943220244498756E+000
  -0.329734053259795154211458432045E+000    0.163550412102666983608004824102E+000    0.225756818313882821332336912818E+000
  -0.273223860393296931609680302303E+000   -0.207302518026267920635979001785E-002    0.330716622540101943084337314652E+000
   0.573136606047285324918457324277E-001   -0.362907667553227461589367295068E+000    0.222841829328486192764541021912E+000
  -0.828120897448336528231170313360E-001   -0.260873939473218528930125657299E+000    0.329042889460594801329818304087E+000
   0.365939017069707052451638662221E+000   -0.588967189384632852364702445214E-001    0.225259408104467960907517526497E+000
   0.222276543672970363547538824863E+000   -0.160611507700019813195658155372E+000    0.329295229177926494711843260100E+000
   0.166171779078932648559230391027E+000    0.324251980663881673016751137094E+000    0.223092369000401168597548225025E+000
   0.218030274888598034535863933514E+000    0.158671893554070695588723253850E+000    0.325773699908513272399406507031E+000
  -0.907126292257190814529239552578E-001    0.275565709348361423639152308218E+000    0.352206141992586262126007125795E+000
  -0.292838897409555782820681874943E+000    0.210973903238125136149680403947E+000   -0.246592895790432451736453586980E+000
  -0.291367803628197609634798814569E+000   -0.212871839856492034722164596409E+000   -0.247880574953494072310186303416E+000
   0.109880640617145695186343529380E+000   -0.334072393152132357198301884501E+000   -0.242865743897839775468032964443E+000
   0.363943414360299663495779491334E+000    0.202895045101720855744147429151E-002   -0.250807770265354645566261649320E+000
   0.107727628238964868711699025676E+000    0.338218667358280755444887443264E+000   -0.242996405225021109618752638405E+000
  -0.345894644288049905060280701428E+000   -0.180584409359513872476275318897E+000   -0.213855751944733672964288477278E+000
   0.611011055783277703017584731940E-001    0.382184158081189526318316791792E+000   -0.211335564085763332993351561281E+000
  -0.420903206973091764017128973418E+000    0.341674355642496049595756155183E-001    0.155112027319816739589742758203E+000
  -0.161536559452765823489490167500E+000    0.376790570783855058243908996204E+000    0.151128597169851004080888234997E+000
   0.619849334324614358380207934123E-001   -0.366630419564836073001991786713E+000   -0.205106059167462756177898488200E+000
  -0.423313534857919123153054712099E+000   -0.390273955789191757030757468744E-001    0.155947026427896040679011488360E+000
  -0.162565631641989660763977971705E+000   -0.389419955126022695912248434065E+000    0.153436474466930683635157720180E+000
   0.393462531231324269046502475924E+000   -0.574902955274207302442009678918E-001   -0.219049609913352016887970624542E+000
  -0.953492126227728384237346882712E-001   -0.420931993401232915909349308309E+000    0.156753581779921530420253475557E+000
   0.313946343281770632382613045248E+000   -0.270413040489227132637803880513E+000    0.150208877096854650809133697786E+000
   0.167716546552344546648308034568E+000    0.339547214249800420129034945423E+000   -0.207097733114513330610919954997E+000
   0.356777469043406649782882526382E+000   -0.213057909903759855913457748579E+000    0.150736268198376267002486278380E+000
   0.358993603093340593532295491110E+000    0.217653203332911936141929307919E+000    0.153465199019854702818997234710E+000
   0.312096882432433085998241228106E+000    0.272604501785828882873240206186E+000    0.151706089033078508178287845868E+000
  -0.949633686215478541571920881188E-001    0.402073701154101126447023618218E+000    0.152252024418443428321707375942E+000
  -0.168151191840258151818626750573E+000   -0.340447690721266516880712313531E+000    0.207669166931842015445438383792E+000
  -0.168567740975855090732884459940E+000    0.332790224287804196885567088720E+000    0.206159789360172521186100386982E+000
  -0.624786054551350855995587837183E-001   -0.144440554724572618268510078700E-002    0.453064471661887561544037206120E+000
   0.265374844206997080099442479488E+000   -0.259864741567114349230613597373E+000    0.202593984583887995931347762862E+000
  -0.185668621901174209617058053014E-001   -0.610318974027498684108850412235E-001    0.451265457414687218845876945952E+000
   0.337425065218563699418890211299E+000    0.175972235631787565517754021411E+000    0.208863384462836180109523153535E+000
   0.534922209865128956393501192677E-001   -0.392692758801515805458511947265E-001    0.467648744592748260761366216469E+000
  -0.632991528487987870882755083124E-001    0.373464320104839028525591302505E+000    0.209249766507712482033271683923E+000
   0.538835882731683081998355380128E-001    0.378229635525378685653024730465E-001    0.474177593716594419970546055670E+000
  -0.197892065348084663073156929831E-001    0.607021520704008527447809914281E-001    0.468272521508448307447275717147E+000
